1239300,'c_21151_b_31125_d_127',515,,1,1,,,0,230,,2,1,,,0,155,,3,1,,,0,500,,4,1,,,0
1239300,'c_71688_b_86022_d_127',1245,,5,1,,,0,270,,6,1,,,0
1239300,'c_71688_b_86022_d_32',1745,,7,1,,,0
1239300,'c_71688_b_86022_d_63',515,,8,1,,,0,230,,9,1,,,0,270,,10,1,,,0
1239300,'c_71688_b_86022_d_64',1005,,11,1,,,0
1239300,'c_71688_b_86022_d_95',1400,,13,1,,,0,345,,12,1,,,0,155,,14,1,,,0,115,,15,1,,,0,230,,16,1,,,0
1239300,'c_71689_b_86023_d_127',1245,,17,1,,,0,270,,18,1,,,0
1239300,'c_71689_b_86023_d_32',1745,,19,1,,,0
1239300,'c_71689_b_86023_d_63',515,,20,1,,,0,230,,21,1,,,0,270,,22,1,,,0
1239300,'c_71689_b_86023_d_64',1005,,23,1,,,0
1239300,'c_71689_b_86023_d_95',1745,,24,1,,,0,270,,26,1,,,0,230,,25,1,,,0
1239301,'c_21151_b_31125_d_127',715,,27,2,4,,0,230,,28,2,4,,0,385,,29,2,4,,0
1239301,'c_71688_b_86022_d_127',1445,,31,2,4,,0,270,,32,2,4,,0
1239301,'c_71688_b_86022_d_32',1955,,33,2,4,,0
1239301,'c_71688_b_86022_d_63',715,,34,2,4,,0,230,,35,2,4,,0,270,,36,2,4,,0
1239301,'c_71688_b_86022_d_64',1215,,37,2,4,,0
1239301,'c_71688_b_86022_d_95',1830,,38,2,4,,0,115,,39,2,4,,0,270,,40,2,4,,0,230,,41,2,4,,0
1239301,'c_71689_b_86023_d_127',1445,,43,2,4,,0,270,,44,2,4,,0
1239301,'c_71689_b_86023_d_32',1955,,45,2,4,,0
1239301,'c_71689_b_86023_d_63',715,,46,2,4,,0,230,,47,2,4,,0,270,,48,2,4,,0
1239301,'c_71689_b_86023_d_64',1215,,49,2,4,,0
1239301,'c_71689_b_86023_d_95',1945,,51,2,4,,0,270,,50,2,4,,0,230,,52,2,4,,0
