1242200,'c_21151_b_31125_d_127',710,,305,1,0,14 6 15 8,1,146,,292,2,4,,1,354,,311,1,0,9 10 11 12 13,1,215,,294,2,4,,1,20,,1554,1,0,5 6 7 8,1,10,,1541,2,4,,1,50,,1542,1,0,14 6 15 8,1,135,,295,2,4,,1,15,,296,1,0,14 6 15 8,1,103,,1549,2,4,,1,100,,1544,2,4,,1,52,,1545,1,0,14 6 15 8,1,95,,307,2,4,,1,20,,297,1,0,14 6 15 8,1
1242200,'c_71688_b_86022_d_15',715,,1576,1,0,14 6 15 8,1,187,,1567,2,4,,1,343,,1574,1,0,9 10 11 12 13,1,257,,1566,2,4,,1,123,,1575,1,0,14 6 15 8,1,325,,1568,2,4,,1,50,,1569,1,0,5 6 7 8,1,42,,1570,2,4,,1,8,,1571,1,0,14 6 15 8,1,105,,1580,1,0,9 10 11 12 13,1
1242200,'c_71688_b_86022_d_16',715,,1597,1,0,14 6 15 8,1,187,,1583,2,4,,1,343,,1602,1,0,9 10 11 12 13,1,212,,1585,2,4,,1,198,,1606,1,,,1,265,,1587,2,4,,1,130,,1605,1,0,9 10 11 12 13,1,65,,1588,2,4,,1
1242200,'c_71688_b_86022_d_32',620,,1626,2,4,,1,10,,1627,1,0,14 6 15 8,1,270,,1614,2,4,,1,10,,1615,1,0,16 17 18 8,1,107,,1612,2,4,,1,13,,1613,1,0,14 6 15 8,1,90,,1617,1,0,16 17 18 8,1,390,,1631,2,4,,1,15,,1632,1,0,14 6 15 8,1,95,,1618,2,4,,1,10,,1619,1,0,14 6 15 8,1,285,,1633,2,4,,1,15,,1610,1,0,14 6 15 8,1,75,,1628,2,4,,1,10,,1629,1,0,16 17 18 8,1
1242200,'c_71688_b_86022_d_64',710,,1645,1,0,14 6 15 8,1,210,,1658,2,4,,1,10,,1636,1,0,14 6 15 8,1,285,,1648,1,0,9 10 11 12 13,1,230,,1661,1,0,5 6 7 8,1,10,,1637,2,4,,1,50,,1638,1,0,14 6 15 8,1,253,,1654,2,4,,1,100,,1640,2,4,,1,52,,1641,1,0,14 6 15 8,1
1242200,'c_71979_b_87009_d_15',710,,316,1,0,14 6 15 8,1,146,,331,2,4,,1,354,,338,1,0,9 10 11 12 13,1,292,,330,2,4,,1,123,,339,1,0,14 6 15 8,1,325,,332,2,4,,1,50,,333,1,0,5 6 7 8,1,42,,334,2,4,,1,8,,335,1,0,14 6 15 8,1,105,,329,1,0,9 10 11 12 13,1
1242200,'c_71979_b_87009_d_16',710,,353,1,0,14 6 15 8,1,146,,340,2,4,,1,354,,356,1,0,9 10 11 12 13,1,215,,342,2,4,,1,215,,343,2,4,,1,15,,344,1,0,14 6 15 8,1,350,,361,2,4,,1,20,,345,1,0,14 6 15 8,1
1242200,'c_71979_b_87009_d_32',620,,380,2,4,,1,10,,381,1,0,14 6 15 8,1,225,,368,2,4,,1,50,,369,1,0,16 17 18 8,1,110,,366,2,4,,1,10,,367,1,0,14 6 15 8,1,90,,371,1,0,16 17 18 8,1,395,,385,2,4,,1,15,,386,1,0,14 6 15 8,1,95,,372,2,4,,1,10,,373,1,0,14 6 15 8,1,285,,387,2,4,,1,15,,364,1,0,14 6 15 8,1,75,,382,2,4,,1,10,,383,1,0,16 17 18 8,1
1242200,'c_71979_b_87009_d_64',805,,396,1,0,14 6 15 8,1,210,,388,2,4,,1,10,,402,1,0,5 6 7 8,1,305,,399,1,0,9 10 11 12 13,1,170,,404,2,4,,1,45,,406,1,,,1,460,,394,2,4,,1,10,,395,1,0,16 17 18 8,1
1242200,'c_71981_b_87011_d_15',710,,497,1,0,14 6 15 8,1,146,,488,2,4,,1,354,,495,1,0,9 10 11 12 13,1,292,,487,2,4,,1,123,,496,1,0,14 6 15 8,1,325,,489,2,4,,1,50,,490,1,0,5 6 7 8,1,42,,491,2,4,,1,8,,492,1,0,14 6 15 8,1,105,,501,1,0,9 10 11 12 13,1
1242200,'c_71981_b_87011_d_16',710,,517,1,0,14 6 15 8,1,146,,504,2,4,,1,354,,523,1,0,9 10 11 12 13,1,215,,506,2,4,,1,215,,507,2,4,,1,15,,508,1,0,14 6 15 8,1,350,,519,2,4,,1,20,,509,1,0,14 6 15 8,1
1242200,'c_71981_b_87011_d_32',620,,544,2,4,,1,10,,545,1,0,14 6 15 8,1,225,,532,2,4,,1,50,,533,1,0,16 17 18 8,1,110,,530,2,4,,1,10,,531,1,0,14 6 15 8,1,90,,535,1,0,16 17 18 8,1,395,,549,2,4,,1,15,,550,1,0,14 6 15 8,1,95,,536,2,4,,1,10,,537,1,0,14 6 15 8,1,285,,551,2,4,,1,15,,528,1,0,14 6 15 8,1,75,,546,2,4,,1,10,,547,1,0,16 17 18 8,1
1242200,'c_71981_b_87011_d_64',805,,560,1,0,14 6 15 8,1,210,,552,2,4,,1,10,,566,1,0,5 6 7 8,1,305,,563,1,0,9 10 11 12 13,1,170,,568,2,4,,1,45,,570,1,,,1,460,,558,2,4,,1,10,,559,1,0,16 17 18 8,1
1242201,'c_21151_b_31125_d_127',700,,591,2,4,,1,30,,580,2,4,,1,10,,581,1,,,1,170,,572,1,,,1,230,,573,2,4,,1,10,,574,1,,,1,50,,598,2,4,,1,233,,1675,2,4,,1,12,,575,1,,,1,255,,1665,2,4,,1,10,,1666,1,,,1,95,,576,2,4,,1,10,,577,1,,,1,290,,1667,2,4,,1,10,,1668,1,,,1,25,,578,2,4,,1,10,,579,1,,,1
1242201,'c_71688_b_86022_d_15',700,,1680,2,4,,1,30,,1690,2,4,,1,15,,1691,1,,,1,180,,1681,1,,,1,285,,1699,2,4,,1,15,,1685,1,,,1,10,,1694,2,4,,1,285,,1682,1,,,1,95,,1695,2,4,,1,240,,1683,2,4,,1,50,,1700,1,,,1,240,,1698,2,4,,1
1242201,'c_71688_b_86022_d_16',700,,1718,2,4,,1,30,,1708,2,4,,1,15,,1709,1,,,1,180,,1701,1,,,1,285,,1702,2,4,,1,15,,1703,1,,,1,10,,1724,2,4,,1,275,,1704,1,,,1,135,,1726,2,4,,1,160,,1706,2,4,,1,125,,1717,1,,,1,110,,1723,2,4,,1,85,,1707,1,,,1
1242201,'c_71688_b_86022_d_32',810,,1731,2,4,,1,20,,1732,1,,,1,280,,1734,2,4,,1,115,,1742,2,4,,1,10,,1733,1,,,1,490,,1747,2,4,,1,10,,1748,1,,,1
1242201,'c_71688_b_86022_d_64',658,,1762,2,4,,1,62,,1767,2,4,,1,15,,1768,1,,,1,20,,1770,2,4,,1,50,,1771,1,,,1,335,,1751,2,4,,1,10,,1764,1,,,1,55,,1761,2,4,,1,228,,1772,2,4,,1,267,,1752,2,4,,1,10,,1753,1,,,1,105,,1756,1,,,1,290,,1769,2,4,,1,10,,1754,1,,,1
1242201,'c_71979_b_87009_d_15',700,,602,2,4,,1,30,,617,2,4,,1,10,,618,1,,,1,170,,603,1,,,1,230,,604,2,4,,1,10,,612,1,,,1,50,,621,2,4,,1,320,,605,1,,,1,94,,622,2,4,,1,241,,606,2,4,,1,50,,607,1,,,1,240,,610,2,4,,1
1242201,'c_71979_b_87009_d_16',700,,639,2,4,,1,30,,631,2,4,,1,10,,632,1,,,1,170,,623,1,,,1,230,,624,2,4,,1,10,,625,1,,,1,50,,648,2,4,,1,245,,626,1,,,1,360,,627,2,4,,1,10,,628,1,,,1,325,,629,2,4,,1,10,,630,1,,,1
1242201,'c_71979_b_87009_d_32',810,,652,2,4,,1,20,,653,1,,,1,275,,655,2,4,,1,115,,664,2,4,,1,10,,654,1,,,1,495,,669,2,4,,1,10,,670,1,,,1
1242201,'c_71979_b_87009_d_64',755,,683,2,4,,1,85,,691,2,4,,1,5,,692,1,,,1,375,,671,2,4,,1,15,,685,1,,,1,85,,682,2,4,,1,190,,677,1,,,1,25,,687,2,4,,1,185,,673,2,4,,1,15,,674,1,,,1,365,,675,2,4,,1,10,,676,1,,,1
1242201,'c_71981_b_87011_d_15',700,,766,2,4,,1,30,,776,2,4,,1,10,,777,1,,,1,170,,767,1,,,1,230,,785,2,4,,1,10,,771,1,,,1,50,,780,2,4,,1,320,,768,1,,,1,94,,781,2,4,,1,241,,769,2,4,,1,50,,786,1,,,1,240,,784,2,4,,1
1242201,'c_71981_b_87011_d_16',700,,806,2,4,,1,30,,795,2,4,,1,10,,796,1,,,1,170,,787,1,,,1,230,,788,2,4,,1,10,,789,1,,,1,50,,813,2,4,,1,245,,790,1,,,1,360,,791,2,4,,1,10,,792,1,,,1,325,,793,2,4,,1,10,,794,1,,,1
1242201,'c_71981_b_87011_d_32',810,,816,2,4,,1,20,,817,1,,,1,275,,819,2,4,,1,115,,828,2,4,,1,10,,818,1,,,1,495,,833,2,4,,1,10,,834,1,,,1
1242201,'c_71981_b_87011_d_64',755,,847,2,4,,1,85,,855,2,4,,1,5,,856,1,,,1,375,,835,2,4,,1,15,,849,1,,,1,85,,846,2,4,,1,190,,841,1,,,1,25,,851,2,4,,1,185,,837,2,4,,1,15,,838,1,,,1,365,,839,2,4,,1,10,,840,1,,,1
