1243200,'c_21151_b_31125_d_127',1040,,2028,2,4,,1
1243200,'c_71644_b_85821_d_125',1040,,2031,2,4,,1
1243200,'c_71644_b_85821_d_127',1340,,2036,2,4,,1,290,,2037,2,4,,1,305,,2038,2,4,,1,215,,2035,2,4,,1,155,,2039,2,4,,1
1243200,'c_71644_b_85821_d_63',740,,2040,2,4,,1
1243200,'c_71644_b_85821_d_64',655,,2041,2,4,,1,482,,2042,2,4,,1
1243201,'c_21151_b_31125_d_127',1635,,2045,1,,,1
1243201,'c_71644_b_85821_d_125',1635,,2047,1,,,1
1243201,'c_71644_b_85821_d_127',1045,,2050,1,,,1,300,,2049,1,,,1,595,,2051,1,,,1,215,,2053,1,,,1,155,,2052,1,0,35 6,1
1243201,'c_71644_b_85821_d_63',745,,2054,1,,,1
1243201,'c_71644_b_85821_d_64',700,,2058,1,,,1
