1239301,'c_21151_b_31125_d_127',1830,,30,2,4,,1
1239301,'c_71688_b_86022_d_95',2330,,42,2,4,,1
1244400,'c_21151_b_31125_d_127',2240,,1263,1,,,1
1244400,'c_71688_b_86022_d_127',615,,2297,1,,,1,225,,2296,1,,,1,215,,2292,1,,,1,265,,2295,1,,,1,280,,2293,1,,,1,430,,2294,1,,,1
1244400,'c_71688_b_86022_d_32',1820,,2298,1,,,1
1244400,'c_71688_b_86022_d_95',2240,,2299,1,,,1
1244400,'c_71862_b_86704_d_127',615,,1270,1,,,1,225,,1269,1,,,1,215,,1264,1,,,1,265,,1267,1,,,1,280,,1265,1,,,1,220,,1268,1,,,1,305,,1266,1,,,1
1244400,'c_71863_b_86705_d_127',615,,1277,1,,,1,225,,1276,1,,,1,215,,1271,1,,,1,265,,1274,1,,,1,280,,1272,1,,,1,220,,1275,1,,,1,210,,1273,1,,,1,210,,1278,1,,,1
1244400,'c_71975_b_87005_d_127',615,,1285,1,,,1,225,,1284,1,,,1,215,,1279,1,,,1,265,,1282,1,,,1,280,,1280,1,,,1,220,,1283,1,,,1,305,,1281,1,,,1
1244400,'c_71976_b_87006_d_127',615,,1292,1,,,1,225,,1291,1,,,1,215,,1286,1,,,1,265,,1289,1,,,1,280,,1287,1,,,1,430,,1290,1,,,1,210,,1288,1,,,1
1244400,'c_71977_b_87007_d_127',615,,1299,1,,,1,225,,1298,1,,,1,215,,1293,1,,,1,265,,1296,1,,,1,280,,1294,1,,,1,220,,1297,1,,,1,305,,1295,1,,,1
1244400,'c_72061_b_87177_d_127',615,,2306,1,,,1,225,,2305,1,,,1,215,,2300,1,,,1,265,,2303,1,,,1,280,,2301,1,,,1,220,,2304,1,,,1,305,,2302,1,,,1
1244400,'c_72061_b_87177_d_80',2240,,2307,1,,,1
1244401,'c_21151_b_31125_d_127',2210,,1300,2,4,,1
1244401,'c_71688_b_86022_d_127',755,,2313,2,4,,1,260,,2309,2,4,,1,230,,2310,2,4,,1,260,,2311,2,4,,1,495,,2308,2,4,,1,420,,2312,2,4,,1
1244401,'c_71688_b_86022_d_32',1740,,2314,2,4,,1
1244401,'c_71688_b_86022_d_95',2210,,2315,2,4,,1
1244401,'c_71862_b_86704_d_127',755,,1307,2,4,,1,260,,1302,2,4,,1,230,,1303,2,4,,1,260,,1304,2,4,,1,235,,1305,2,4,,1,305,,1301,2,4,,1,375,,1306,2,4,,1
1244401,'c_71863_b_86705_d_127',755,,1314,2,4,,1,260,,1309,2,4,,1,230,,1310,2,4,,1,260,,1311,2,4,,1,235,,1312,2,4,,1,260,,1308,2,4,,1,210,,1315,2,4,,1,210,,1313,2,4,,1
1244401,'c_71975_b_87005_d_127',755,,1322,2,4,,1,260,,1317,2,4,,1,230,,1318,2,4,,1,260,,1319,2,4,,1,235,,1320,2,4,,1,305,,1316,2,4,,1,375,,1321,2,4,,1
1244401,'c_71976_b_87006_d_127',1015,,1323,2,4,,1,230,,1324,2,4,,1,260,,1325,2,4,,1,235,,1326,2,4,,1,260,,1329,2,4,,1,210,,1328,2,4,,1,210,,1327,2,4,,1
1244401,'c_71977_b_87007_d_127',755,,1335,2,4,,1,260,,1330,2,4,,1,230,,1331,2,4,,1,260,,1332,2,4,,1,235,,1333,2,4,,1,305,,1336,2,4,,1,375,,1334,2,4,,1
1244401,'c_72061_b_87177_d_127',755,,2320,2,4,,1,260,,2316,2,4,,1,230,,2317,2,4,,1,260,,2318,2,4,,1,235,,2319,2,4,,1,305,,2321,2,4,,1,375,,2322,2,4,,1
1244401,'c_72061_b_87177_d_80',2210,,2323,2,4,,1
