1239400,'c_21151_b_31125_d_1',620,,1337,1,,,1
1239400,'c_71688_b_86022_d_127',620,,1339,1,,,1,220,,1338,1,,,1,260,,1344,1,,,1,215,,1342,1,,,1,220,,1341,1,,,1,220,,1345,1,,,1,260,,1340,1,,,1,215,,1343,1,,,1
1239400,'c_71688_b_86022_d_95',1655,,1347,1,,,1,260,,1346,1,,,1
1239400,'c_71862_b_86704_d_127',620,,1349,1,,,1,220,,1348,1,,,1,260,,1354,1,,,1,215,,1352,1,,,1,220,,1351,1,,,1,220,,1355,1,,,1,165,,1350,1,,,1,215,,1353,1,,,1
1239400,'c_71863_b_86705_d_111',620,,1356,1,,,1
1239400,'c_71863_b_86705_d_127',840,,1357,1,,,1,260,,1360,1,,,1,215,,1359,1,,,1,220,,1358,1,,,1,220,,1361,1,,,1,260,,1362,1,,,1,215,,1363,1,,,1
1239400,'c_71975_b_87005_d_127',620,,68,1,,,1,220,,67,1,,,1,260,,73,1,,,1,215,,71,1,,,1,220,,70,1,,,1,220,,74,1,,,1,165,,69,1,,,1,215,,72,1,,,1
1239400,'c_71976_b_87006_d_127',620,,76,1,,,1,120,,83,1,,,1,100,,75,1,,,1,160,,84,1,,,1,100,,79,1,,,1,115,,85,1,,,1,100,,78,1,,,1,120,,86,1,,,1,100,,77,1,,,1,115,,87,1,,,1,105,,80,1,,,1,155,,81,1,,,1,105,,88,1,,,1,215,,82,1,,,1
1239400,'c_71978_b_87008_d_127',620,,90,1,,,1,220,,89,1,,,1,260,,95,1,,,1,215,,93,1,,,1,220,,92,1,,,1,220,,96,1,,,1,165,,91,1,,,1,215,,94,1,,,1
1239401,'c_21151_b_31125_d_127',810,,1364,2,4,,1
1239401,'c_71688_b_86022_d_127',810,,1368,2,4,,1,220,,1365,2,4,,1,220,,1366,2,4,,1,255,,1367,2,4,,1,220,,1369,2,4,,1,220,,1372,2,4,,1,260,,1371,2,4,,1,205,,1370,2,4,,1
1239401,'c_71688_b_86022_d_95',1625,,1374,2,4,,1,220,,1373,2,4,,1
1239401,'c_71862_b_86704_d_127',810,,1378,2,4,,1,220,,1375,2,4,,1,220,,1376,2,4,,1,255,,1377,2,4,,1,220,,1379,2,4,,1,125,,1382,2,4,,1,255,,1381,2,4,,1,305,,1380,2,4,,1
1239401,'c_71863_b_86705_d_111',810,,1383,2,4,,1
1239401,'c_71863_b_86705_d_127',1030,,1384,2,4,,1,220,,1385,2,4,,1,255,,1386,2,4,,1,220,,1387,2,4,,1,220,,1390,2,4,,1,260,,1389,2,4,,1,205,,1388,2,4,,1
1239401,'c_71975_b_87005_d_127',810,,113,2,4,,1,220,,110,2,4,,1,220,,111,2,4,,1,255,,112,2,4,,1,220,,114,2,4,,1,125,,117,2,4,,1,255,,116,2,4,,1,305,,115,2,4,,1
1239401,'c_71976_b_87006_d_127',710,,126,2,4,,1,100,,121,2,4,,1,120,,127,2,4,,1,100,,118,2,4,,1,120,,128,2,4,,1,100,,119,2,4,,1,160,,129,2,4,,1,95,,120,2,4,,1,115,,130,2,4,,1,105,,122,2,4,,1,120,,125,2,4,,1,100,,131,2,4,,1,260,,124,2,4,,1,205,,123,2,4,,1
1239401,'c_71978_b_87008_d_127',810,,135,2,4,,1,220,,132,2,4,,1,220,,133,2,4,,1,255,,134,2,4,,1,220,,136,2,4,,1,125,,139,2,4,,1,255,,138,2,4,,1,305,,137,2,4,,1
1240100,'c_21151_b_31125_d_127',725,,1458,1,0,37 38 39,1,20,,1458,3,4,,1,75,,1459,1,0,37 38 39,1,20,,1459,3,4,,1,176,,1460,1,0,37 38 39,1,20,,1460,3,4,,1,64,,1467,1,0,32 33 34,1,30,,1467,3,4,,1,95,,1462,1,0,37 38 39,1,20,,1462,3,4,,1,60,,1463,3,4,,1,120,,1464,1,0,32 33 34,1,10,,1471,1,0,32 33 34,1,15,,1473,1,0,37 38 39,1,5,,1464,3,4,,1,50,,1471,3,4,,1,5,,1461,1,0,37 38 39,1,20,,1461,3,4,,1,10,,1474,3,4,,1,60,,1475,3,4,,1,10,,1472,1,0,32 36,1,20,,1465,3,4,,1,10,,1472,3,4,,1,10,,1466,1,0,37 38 39,1,60,,1466,3,4,,1,25,,1468,1,0,32 33 34,1,70,,1468,3,4,,1,20,,1469,3,4,,1,20,,1470,3,4,,1
1240100,'c_71688_b_86022_d_127',725,,1476,1,0,37 38 39,1,20,,1476,3,4,,1,70,,1487,3,4,,1,5,,1483,1,0,37 38 39,1,20,,1483,3,4,,1,70,,1488,3,4,,1,110,,1482,1,0,37 38 39,1,20,,1477,1,0,37 38 39,1,15,,1486,1,0,32 36,1,45,,1477,3,4,,1,15,,1489,1,0,32 33 34,1,10,,1486,3,4,,1,20,,1489,3,4,,1,95,,1479,1,0,37 38 39,1,60,,1479,3,4,,1,20,,1484,3,4,,1,180,,1485,1,0,37 38 39,1,20,,1485,3,4,,1,195,,1480,1,0,37 38 39,1,20,,1480,3,4,,1,70,,1490,3,4,,1,15,,1481,1,0,37 38 39,1,20,,1481,3,4,,1
1240100,'c_71688_b_86022_d_16',1830,,1492,1,0,32 33 34,1,15,,1491,1,0,32 36,1,55,,1492,3,4,,1,15,,1491,3,4,,1
1240100,'c_71688_b_86022_d_63',1520,,1494,1,0,32 36,1,10,,1496,1,0,32 33 34,1,20,,1494,3,4,,1,50,,1496,3,4,,1,5,,1495,4,4,,1,5,,1493,1,0,37 38 39,1,20,,1493,3,4,,1
1240100,'c_71688_b_86022_d_64',1425,,1498,1,0,32 33 34,1,30,,1498,3,4,,1,145,,1497,1,0,32 36,1,30,,1497,3,4,,1,20,,1499,1,0,37 38 39,1,60,,1499,3,4,,1
1240100,'c_71689_b_86023_d_127',725,,1500,1,0,37 38 39,1,20,,1511,1,0,32 33 34,1,70,,1511,3,4,,1,5,,1506,1,0,37 38 39,1,20,,1506,3,4,,1,70,,1512,3,4,,1,110,,1505,1,0,37 38 39,1,20,,1505,3,4,,1,15,,1510,1,0,32 36,1,45,,1501,3,4,,1,10,,1513,1,0,32 33 34,1,15,,1510,3,4,,1,15,,1513,3,4,,1,100,,1502,1,0,37 38 39,1,60,,1507,1,0,37 38 39,1,20,,1507,3,4,,1,180,,1508,1,0,37 38 39,1,20,,1508,3,4,,1,195,,1503,1,0,37 38 39,1,20,,1503,3,4,,1,10,,1514,1,0,32 33 34,1,70,,1514,3,4,,1,5,,1504,1,0,37 38 39,1,20,,1504,3,4,,1
1240100,'c_71689_b_86023_d_16',1845,,1515,1,0,32 36,1,70,,1515,3,4,,1
1240100,'c_71689_b_86023_d_63',1530,,1520,1,0,32 33 34,1,15,,1519,1,0,32 36,1,55,,1520,3,4,,1,10,,1516,1,0,37 38 39,1,5,,1519,3,4,,1,15,,1516,3,4,,1,200,,1518,1,0,32 33 34,1,85,,1518,4,4,,1
1240100,'c_71689_b_86023_d_64',1435,,1522,1,0,32 33 34,1,70,,1522,3,4,,1,105,,1521,1,0,32 36,1,30,,1521,3,4,,1
