1242600,'c_72068_b_87184_d_118',1420,,1826,1,,,1
1242600,'c_72068_b_87184_d_123',1010,,1827,1,,,1
1242600,'c_72068_b_87184_d_127',740,,1837,1,,,1,115,,1831,1,,,1,270,,1834,1,,,1,130,,1830,1,,,1,280,,1829,1,,,1,115,,1828,1,,,1,155,,1832,1,,,1,150,,1833,1,,,1,145,,1835,1,,,1,100,,1836,1,,,1
1242600,'c_72068_b_87184_d_16',2300,,1838,1,,,1
1242600,'c_72068_b_87184_d_63',630,,1839,1,,,1
1242600,'c_72069_b_87185_d_118',1420,,1840,1,,,1
1242600,'c_72069_b_87185_d_123',1005,,1841,1,,,1
1242600,'c_72069_b_87185_d_127',520,,1851,1,,,1,110,,1850,1,,,1,190,,1852,1,,,1,35,,1845,1,,,1,75,,1853,1,,,1,110,,1854,1,,,1,75,,1847,1,,,1,120,,1844,1,,,1,75,,1855,1,,,1,35,,1856,1,,,1,110,,1857,1,,,1,75,,1843,1,,,1,75,,1858,1,,,1,35,,1842,1,,,1,105,,1846,1,,,1,295,,1848,1,,,1,100,,1849,1,,,1
1242600,'c_72069_b_87185_d_32',720,,1859,1,,,1
1242600,'c_72069_b_87185_d_63',745,,1860,1,,,1,1110,,1861,1,,,1
1242600,'c_72069_b_87185_d_64',1935,,1862,1,,,1
1242600,'c_72069_b_87185_d_95',1715,,1863,1,,,1
1242601,'c_72068_b_87184_d_118',1905,,1864,2,4,,1
1242601,'c_72068_b_87184_d_123',1635,,1865,2,4,,1
1242601,'c_72068_b_87184_d_127',620,,1873,2,4,,1,220,,1872,2,4,,1,115,,1869,2,4,,1,155,,1868,2,4,,1,115,,1867,2,4,,1,180,,1866,2,4,,1,115,,1870,2,4,,1,230,,1871,2,4,,1,300,,1874,2,4,,1,100,,1875,2,4,,1
1242601,'c_72068_b_87184_d_16',2250,,1876,2,4,,1
1242601,'c_72068_b_87184_d_63',725,,1877,2,4,,1
1242601,'c_72069_b_87185_d_118',1840,,1878,2,4,,1
1242601,'c_72069_b_87185_d_123',1625,,1879,2,4,,1
1242601,'c_72069_b_87185_d_127',615,,1887,2,4,,1,225,,1886,2,4,,1,75,,1890,2,4,,1,35,,1883,2,4,,1,75,,1891,2,4,,1,75,,1882,2,4,,1,35,,1892,2,4,,1,120,,1881,2,4,,1,75,,1880,2,4,,1,75,,1893,2,4,,1,35,,1884,2,4,,1,75,,1894,2,4,,1,35,,1895,2,4,,1,150,,1896,2,4,,1,35,,1885,2,4,,1,295,,1888,2,4,,1,100,,1897,2,4,,1,100,,1889,2,4,,1
1242601,'c_72069_b_87185_d_63',725,,1898,2,4,,1,85,,1899,2,4,,1
1242601,'c_72069_b_87185_d_95',1805,,1900,2,4,,1
