1242900,'c_71688_b_86022_d_119',1050,,992,2,4,,1
1242900,'c_71688_b_86022_d_127',950,,993,2,4,,1,250,,1001,2,4,,1,55,,994,2,4,,1,100,,997,2,4,,1,95,,998,2,4,,1,100,,999,2,4,,1,100,,995,2,4,,1,100,,996,2,4,,1,95,,1000,2,4,,1
1242900,'c_71688_b_86022_d_16',1950,,1004,2,4,,1,175,,1002,2,4,,1,120,,1003,2,4,,1
1242900,'c_71688_b_86022_d_31',755,,1005,2,4,,1
1242900,'c_71688_b_86022_d_63',830,,1006,2,4,,1
1242900,'c_71689_b_86023_d_119',1050,,1007,2,4,,1
1242900,'c_71689_b_86023_d_127',950,,1008,2,4,,1,250,,1016,2,4,,1,55,,1009,2,4,,1,100,,1012,2,4,,1,95,,1013,2,4,,1,100,,1014,2,4,,1,100,,1010,2,4,,1,100,,1011,2,4,,1,95,,1015,2,4,,1
1242900,'c_71689_b_86023_d_16',1945,,1019,2,4,,1,175,,1017,2,4,,1,95,,1018,2,4,,1
1242900,'c_71689_b_86023_d_31',755,,1020,2,4,,1
1242900,'c_71689_b_86023_d_63',830,,1021,2,4,,1
1242901,'c_71688_b_86022_d_119',1500,,1037,1,,,1
1242901,'c_71688_b_86022_d_127',900,,1038,1,,,1,100,,1039,1,,,1,100,,1040,1,,,1,110,,1046,1,,,1,90,,1041,1,,,1,100,,1042,1,,,1,200,,1043,1,,,1,100,,1044,1,,,1,100,,1045,1,,,1
1242901,'c_71688_b_86022_d_16',1915,,1048,1,,,1,185,,1047,1,,,1,100,,1049,1,,,1
1242901,'c_71688_b_86022_d_31',730,,1050,1,,,1
1242901,'c_71688_b_86022_d_63',800,,1051,1,,,1
1242901,'c_71689_b_86023_d_119',1500,,1052,1,,,1
1242901,'c_71689_b_86023_d_127',900,,1053,1,,,1,100,,1054,1,,,1,100,,1055,1,,,1,110,,1061,1,,,1,90,,1056,1,,,1,100,,1057,1,,,1,200,,1058,1,,,1,100,,1059,1,,,1,100,,1060,1,,,1
1242901,'c_71689_b_86023_d_16',1900,,1063,1,,,1,135,,1062,1,,,1,95,,1064,1,,,1
1242901,'c_71689_b_86023_d_31',730,,1065,1,,,1
1242901,'c_71689_b_86023_d_63',800,,1066,1,,,1
