12393,1239300,'c_21151_b_31125_d_127',1,2,3,4
12393,1239300,'c_71688_b_86022_d_127',5,6
12393,1239300,'c_71688_b_86022_d_32',7
12393,1239300,'c_71688_b_86022_d_63',8,9,10
12393,1239300,'c_71688_b_86022_d_64',11
12393,1239300,'c_71688_b_86022_d_95',12,13,14,15,16
12393,1239300,'c_71689_b_86023_d_127',17,18
12393,1239300,'c_71689_b_86023_d_32',19
12393,1239300,'c_71689_b_86023_d_63',20,21,22
12393,1239300,'c_71689_b_86023_d_64',23
12393,1239300,'c_71689_b_86023_d_95',24,25,26
12393,1239301,'c_21151_b_31125_d_127',27,28,29,30
12393,1239301,'c_71688_b_86022_d_127',31,32
12393,1239301,'c_71688_b_86022_d_32',33
12393,1239301,'c_71688_b_86022_d_63',34,35,36
12393,1239301,'c_71688_b_86022_d_64',37
12393,1239301,'c_71688_b_86022_d_95',38,39,40,41,42
12393,1239301,'c_71689_b_86023_d_127',43,44
12393,1239301,'c_71689_b_86023_d_32',45
12393,1239301,'c_71689_b_86023_d_63',46,47,48
12393,1239301,'c_71689_b_86023_d_64',49
12393,1239301,'c_71689_b_86023_d_95',50,51,52
12394,1239400,'c_21151_b_31125_d_1',1337
12394,1239400,'c_71688_b_86022_d_127',1338,1339,1340,1341,1342,1343,1344,1345
12394,1239400,'c_71688_b_86022_d_95',1346,1347
12394,1239400,'c_71862_b_86704_d_127',1348,1349,1350,1351,1352,1353,1354,1355
12394,1239400,'c_71863_b_86705_d_111',1356
12394,1239400,'c_71863_b_86705_d_127',1357,1358,1359,1360,1361,1362,1363
12394,1239400,'c_71975_b_87005_d_127',67,68,69,70,71,72,73,74
12394,1239400,'c_71976_b_87006_d_127',75,76,77,78,79,80,81,82,83,84,85,86,87,88
12394,1239400,'c_71978_b_87008_d_127',89,90,91,92,93,94,95,96
12394,1239401,'c_21151_b_31125_d_127',1364
12394,1239401,'c_71688_b_86022_d_127',1365,1366,1367,1368,1369,1370,1371,1372
12394,1239401,'c_71688_b_86022_d_95',1373,1374
12394,1239401,'c_71862_b_86704_d_127',1375,1376,1377,1378,1379,1380,1381,1382
12394,1239401,'c_71863_b_86705_d_111',1383
12394,1239401,'c_71863_b_86705_d_127',1384,1385,1386,1387,1388,1389,1390
12394,1239401,'c_71975_b_87005_d_127',110,111,112,113,114,115,116,117
12394,1239401,'c_71976_b_87006_d_127',118,119,120,121,122,123,124,125,126,127,128,129,130,131
12394,1239401,'c_71978_b_87008_d_127',132,133,134,135,136,137,138,139
12395,1239500,'c_21151_b_31125_d_127',1391
12395,1239500,'c_71688_b_86022_d_127',1392,1393,1394,1395,1396,1397,1398,1399
12395,1239500,'c_71862_b_86704_d_127',1400,1401,1402,1403,1404,1405,1406
12395,1239500,'c_71862_b_86704_d_63',1407
12395,1239500,'c_71863_b_86705_d_127',1408,1409,1410,1411,1412,1413,1414
12395,1239500,'c_71863_b_86705_d_47',1415
12395,1239500,'c_71975_b_87005_d_127',140,141,142,143,144,145,146
12395,1239500,'c_71975_b_87005_d_63',147
12395,1239500,'c_71976_b_87006_d_127',148,149,150,151,152,153,154
12395,1239500,'c_71976_b_87006_d_63',155
12395,1239500,'c_71978_b_87008_d_127',156,157,158,159,160,161,162
12395,1239500,'c_71978_b_87008_d_63',163
12395,1239501,'c_21151_b_31125_d_127',1416
12395,1239501,'c_71688_b_86022_d_127',1417,1418,1419,1420,1421,1422,1423,1424
12395,1239501,'c_71862_b_86704_d_127',1425,1426,1427,1428,1429,1430,1431
12395,1239501,'c_71862_b_86704_d_63',1432
12395,1239501,'c_71863_b_86705_d_127',1433,1434,1435,1436,1437,1438,1439
12395,1239501,'c_71863_b_86705_d_47',1440
12395,1239501,'c_71975_b_87005_d_127',164,165,166,167,168,169,170
12395,1239501,'c_71975_b_87005_d_63',171
12395,1239501,'c_71976_b_87006_d_127',172,173,174,175,176,177,178
12395,1239501,'c_71976_b_87006_d_63',179
12395,1239501,'c_71978_b_87008_d_127',180,181,182,183,184,185,186
12395,1239501,'c_71978_b_87008_d_63',187
12396,1239600,'c_71644_b_85821_d_127',188,189,190,191
12396,1239601,'c_71644_b_85821_d_127',192,193,194,195
12397,1239700,'c_72075_b_87191_d_123',1441
12397,1239700,'c_72075_b_87191_d_127',1442,1443,1444,1445,1446,1447,1448
12397,1239701,'c_72075_b_87191_d_123',1449
12397,1239701,'c_72075_b_87191_d_127',1450,1451,1452,1453,1454,1455
12397,1239701,'c_72075_b_87191_d_31',1456
12397,1239701,'c_72075_b_87191_d_96',1457
12400,1240000,'c_71865_b_86709_d_123',196
12400,1240000,'c_71865_b_86709_d_127',197,198,199,200,201,202,203,204,205,206,207,208,209
12400,1240000,'c_71865_b_86709_d_63',210
12400,1240000,'c_71865_b_86709_d_95',211
12400,1240001,'c_71865_b_86709_d_123',212
12400,1240001,'c_71865_b_86709_d_127',213,214,215,216,217,218,219,220,221,222,223,224,225
12400,1240001,'c_71865_b_86709_d_95',226
12401,1240100,'c_21151_b_31125_d_127',1458,1459,1460,1461,1462,1463,1464,1465,1466,1467,1468,1469,1470,1471,1472,1473,1474,1475
12401,1240100,'c_71688_b_86022_d_127',1476,1477,1478,1479,1480,1481,1482,1483,1484,1485,1486,1487,1488,1489,1490
12401,1240100,'c_71688_b_86022_d_16',1491,1492
12401,1240100,'c_71688_b_86022_d_63',1493,1494,1495,1496
12401,1240100,'c_71688_b_86022_d_64',1497,1498,1499
12401,1240100,'c_71689_b_86023_d_127',1500,1501,1502,1503,1504,1505,1506,1507,1508,1509,1510,1511,1512,1513,1514
12401,1240100,'c_71689_b_86023_d_16',1515
12401,1240100,'c_71689_b_86023_d_63',1516,1517,1518,1519,1520
12401,1240100,'c_71689_b_86023_d_64',1521,1522
12402,1240200,'c_71644_b_85821_d_127',1523,1524,1525,1526,1527,1528,1529,1530
12402,1240200,'c_71644_b_85821_d_63',1531
12402,1240201,'c_71644_b_85821_d_127',1532,1533,1534,1535,1536,1537,1538,1539
12402,1240201,'c_71644_b_85821_d_63',1540
12405,1240500,'c_21151_b_31125_d_127',227
12405,1240500,'c_71644_b_85821_d_111',228,229,230,231,232,233,234,235,236,237,238,239,240,241,242
12405,1240500,'c_71644_b_85821_d_16',243,244,245,246,247,248,249,250,251,252,253,254,255,256,257,258
12405,1240501,'c_21151_b_31125_d_127',259
12405,1240501,'c_71644_b_85821_d_111',260,261,262,263,264,265,266,267,268,269,270,271,272,273,274,275
12405,1240501,'c_71644_b_85821_d_16',276,277,278,279,280,281,282,283,284,285,286,287,288,289,290,291
12422,1242200,'c_21151_b_31125_d_127',292,293,294,295,296,297,298,299,300,301,302,303,304,305,306,307,308,309,310,311,312,313,314,1541,1542,1543,1544,1545,1546,1547,1548,1549,1550,1551,1552,1553,1554,1555,1556,1557
12422,1242200,'c_71688_b_86022_d_15',1558,1559,1560,1561,1562,1563,1564,1565,1566,1567,1568,1569,1570,1571,1572,1573,1574,1575,1576,1577,1578,1579,1580,1581,1582
12422,1242200,'c_71688_b_86022_d_16',1583,1584,1585,1586,1587,1588,1589,1590,1591,1592,1593,1594,1595,1596,1597,1598,1599,1600,1601,1602,1603,1604,1605,1606,1607,1608
12422,1242200,'c_71688_b_86022_d_32',1609,1610,1611,1612,1613,1614,1615,1616,1617,1618,1619,1620,1621,1622,1623,1624,1625,1626,1627,1628,1629,1630,1631,1632,1633,1634,1635
12422,1242200,'c_71688_b_86022_d_64',1636,1637,1638,1639,1640,1641,1642,1643,1644,1645,1646,1647,1648,1649,1650,1651,1652,1653,1654,1655,1656,1657,1658,1659,1660,1661,1662,1663,1664
12422,1242200,'c_71979_b_87009_d_15',315,316,317,318,319,320,321,322,323,324,325,326,327,328,329,330,331,332,333,334,335,336,337,338,339
12422,1242200,'c_71979_b_87009_d_16',340,341,342,343,344,345,346,347,348,349,350,351,352,353,354,355,356,357,358,359,360,361,362
12422,1242200,'c_71979_b_87009_d_32',363,364,365,366,367,368,369,370,371,372,373,374,375,376,377,378,379,380,381,382,383,384,385,386,387
12422,1242200,'c_71979_b_87009_d_64',388,389,390,391,392,393,394,395,396,397,398,399,400,401,402,403,404,405,406,407
12422,1242200,'c_71980_b_87010_d_15',408,409,410,411,412,413,414,415,416,417,418,419,420,421,422,423,424,425,426
12422,1242200,'c_71980_b_87010_d_16',427,428,429,430,431,432,433,434,435,436,437,438,439,440,441,442,443,444
12422,1242200,'c_71980_b_87010_d_32',445,446,447,448,449,450,451,452,453,454,455,456,457,458,459,460,461
12422,1242200,'c_71980_b_87010_d_64',462,463,464,465,466,467,468,469,470,471,472,473,474,475,476,477,478
12422,1242200,'c_71981_b_87011_d_15',479,480,481,482,483,484,485,486,487,488,489,490,491,492,493,494,495,496,497,498,499,500,501,502,503
12422,1242200,'c_71981_b_87011_d_16',504,505,506,507,508,509,510,511,512,513,514,515,516,517,518,519,520,521,522,523,524,525,526
12422,1242200,'c_71981_b_87011_d_32',527,528,529,530,531,532,533,534,535,536,537,538,539,540,541,542,543,544,545,546,547,548,549,550,551
12422,1242200,'c_71981_b_87011_d_64',552,553,554,555,556,557,558,559,560,561,562,563,564,565,566,567,568,569,570,571
12422,1242201,'c_21151_b_31125_d_127',572,573,574,575,576,577,578,579,580,581,582,583,584,585,586,587,588,589,590,591,592,593,594,595,596,597,598,1665,1666,1667,1668,1669,1670,1671,1672,1673,1674,1675,1676
12422,1242201,'c_71688_b_86022_d_15',1677,1678,1679,1680,1681,1682,1683,1684,1685,1686,1687,1688,1689,1690,1691,1692,1693,1694,1695,1696,1697,1698,1699,1700
12422,1242201,'c_71688_b_86022_d_16',1701,1702,1703,1704,1705,1706,1707,1708,1709,1710,1711,1712,1713,1714,1715,1716,1717,1718,1719,1720,1721,1722,1723,1724,1725,1726,1727,1728
12422,1242201,'c_71688_b_86022_d_32',1729,1730,1731,1732,1733,1734,1735,1736,1737,1738,1739,1740,1741,1742,1743,1744,1745,1746,1747,1748,1749,1750
12422,1242201,'c_71688_b_86022_d_64',1751,1752,1753,1754,1755,1756,1757,1758,1759,1760,1761,1762,1763,1764,1765,1766,1767,1768,1769,1770,1771,1772,1773
12422,1242201,'c_71979_b_87009_d_15',599,600,601,602,603,604,605,606,607,608,609,610,611,612,613,614,615,616,617,618,619,620,621,622
12422,1242201,'c_71979_b_87009_d_16',623,624,625,626,627,628,629,630,631,632,633,634,635,636,637,638,639,640,641,642,643,644,645,646,647,648,649
12422,1242201,'c_71979_b_87009_d_32',650,651,652,653,654,655,656,657,658,659,660,661,662,663,664,665,666,667,668,669,670
12422,1242201,'c_71979_b_87009_d_64',671,672,673,674,675,676,677,678,679,680,681,682,683,684,685,686,687,688,689,690,691,692
12422,1242201,'c_71980_b_87010_d_15',693,694,695,696,697,698,699,700,701,702,703,704,705,706,707,708,709
12422,1242201,'c_71980_b_87010_d_16',710,711,712,713,714,715,716,717,718,719,720,721,722,723,724,725,726,727,728,729
12422,1242201,'c_71980_b_87010_d_32',730,731,732,733,734,735,736,737,738,739,740,741,742,743,744,745,746,747
12422,1242201,'c_71980_b_87010_d_64',748,749,750,751,752,753,754,755,756,757,758,759,760,761,762
12422,1242201,'c_71981_b_87011_d_15',763,764,765,766,767,768,769,770,771,772,773,774,775,776,777,778,779,780,781,782,783,784,785,786
12422,1242201,'c_71981_b_87011_d_16',787,788,789,790,791,792,793,794,795,796,797,798,799,800,801,802,803,804,805,806,807,808,809,810,811,812,813
12422,1242201,'c_71981_b_87011_d_32',814,815,816,817,818,819,820,821,822,823,824,825,826,827,828,829,830,831,832,833,834
12422,1242201,'c_71981_b_87011_d_64',835,836,837,838,839,840,841,842,843,844,845,846,847,848,849,850,851,852,853,854,855,856
12425,1242500,'c_21151_b_31125_d_127',1774,1775
12425,1242500,'c_71644_b_85821_d_123',1776,1777
12425,1242500,'c_71644_b_85821_d_127',1778,1779,1780,1781,1782,1783,1784,1785,1786,1787,1788,1789,1790,1791,1792,1793,1794,1795
12425,1242500,'c_71644_b_85821_d_31',1796
12425,1242500,'c_71644_b_85821_d_63',1797,1798
12425,1242501,'c_21151_b_31125_d_127',1799,1800,1801
12425,1242501,'c_71644_b_85821_d_123',1802,1803
12425,1242501,'c_71644_b_85821_d_127',1804,1805,1806,1807,1808,1809,1810,1811,1812,1813,1814,1815,1816,1817,1818,1819,1820,1821,1822
12425,1242501,'c_71644_b_85821_d_31',1823,1824
12425,1242501,'c_71644_b_85821_d_63',1825
12426,1242600,'c_72068_b_87184_d_118',1826
12426,1242600,'c_72068_b_87184_d_123',1827
12426,1242600,'c_72068_b_87184_d_127',1828,1829,1830,1831,1832,1833,1834,1835,1836,1837
12426,1242600,'c_72068_b_87184_d_16',1838
12426,1242600,'c_72068_b_87184_d_63',1839
12426,1242600,'c_72069_b_87185_d_118',1840
12426,1242600,'c_72069_b_87185_d_123',1841
12426,1242600,'c_72069_b_87185_d_127',1842,1843,1844,1845,1846,1847,1848,1849,1850,1851,1852,1853,1854,1855,1856,1857,1858
12426,1242600,'c_72069_b_87185_d_32',1859
12426,1242600,'c_72069_b_87185_d_63',1860,1861
12426,1242600,'c_72069_b_87185_d_64',1862
12426,1242600,'c_72069_b_87185_d_95',1863
12426,1242601,'c_72068_b_87184_d_118',1864
12426,1242601,'c_72068_b_87184_d_123',1865
12426,1242601,'c_72068_b_87184_d_127',1866,1867,1868,1869,1870,1871,1872,1873,1874,1875
12426,1242601,'c_72068_b_87184_d_16',1876
12426,1242601,'c_72068_b_87184_d_63',1877
12426,1242601,'c_72069_b_87185_d_118',1878
12426,1242601,'c_72069_b_87185_d_123',1879
12426,1242601,'c_72069_b_87185_d_127',1880,1881,1882,1883,1884,1885,1886,1887,1888,1889,1890,1891,1892,1893,1894,1895,1896,1897
12426,1242601,'c_72069_b_87185_d_63',1898,1899
12426,1242601,'c_72069_b_87185_d_95',1900
12427,1242700,'c_72066_b_87182_d_127',1901,1902,1903,1904,1905,1906,1907
12427,1242700,'c_72066_b_87182_d_63',1908
12427,1242700,'c_72067_b_87183_d_112',1909,1910
12427,1242700,'c_72067_b_87183_d_127',1911,1912,1913,1914,1915,1916,1917
12427,1242700,'c_72067_b_87183_d_15',1918
12427,1242700,'c_72067_b_87183_d_63',1919
12427,1242701,'c_72066_b_87182_d_127',1920,1921,1922,1923,1924,1925,1926
12427,1242701,'c_72066_b_87182_d_63',1927
12427,1242701,'c_72067_b_87183_d_112',1928
12427,1242701,'c_72067_b_87183_d_127',1929,1930,1931,1932,1933,1934,1935,1936
12427,1242701,'c_72067_b_87183_d_63',1937
12428,1242800,'c_71688_b_86022_d_111',883
12428,1242800,'c_71688_b_86022_d_127',884,885,886,887,888,889,890,891,892,893,894,895,896,897
12428,1242800,'c_71688_b_86022_d_16',898,899
12428,1242800,'c_71688_b_86022_d_55',900
12428,1242800,'c_71689_b_86023_d_127',901,902,903,904,905,906,907,908,909,910,911,912,913,914,915
12428,1242800,'c_71689_b_86023_d_55',916
12428,1242801,'c_71688_b_86022_d_111',943
12428,1242801,'c_71688_b_86022_d_119',944
12428,1242801,'c_71688_b_86022_d_127',945,946,947,948,949,950,951,952,953,954,955,956,957
12428,1242801,'c_71688_b_86022_d_16',958,959
12428,1242801,'c_71688_b_86022_d_63',960
12428,1242801,'c_71689_b_86023_d_119',961
12428,1242801,'c_71689_b_86023_d_127',962,963,964,965,966,967,968,969,970,971,972,973,974,975
12428,1242801,'c_71689_b_86023_d_63',976
12429,1242900,'c_71688_b_86022_d_119',992
12429,1242900,'c_71688_b_86022_d_127',993,994,995,996,997,998,999,1000,1001
12429,1242900,'c_71688_b_86022_d_16',1002,1003,1004
12429,1242900,'c_71688_b_86022_d_31',1005
12429,1242900,'c_71688_b_86022_d_63',1006
12429,1242900,'c_71689_b_86023_d_119',1007
12429,1242900,'c_71689_b_86023_d_127',1008,1009,1010,1011,1012,1013,1014,1015,1016
12429,1242900,'c_71689_b_86023_d_16',1017,1018,1019
12429,1242900,'c_71689_b_86023_d_31',1020
12429,1242900,'c_71689_b_86023_d_63',1021
12429,1242901,'c_71688_b_86022_d_119',1037
12429,1242901,'c_71688_b_86022_d_127',1038,1039,1040,1041,1042,1043,1044,1045,1046
12429,1242901,'c_71688_b_86022_d_16',1047,1048,1049
12429,1242901,'c_71688_b_86022_d_31',1050
12429,1242901,'c_71688_b_86022_d_63',1051
12429,1242901,'c_71689_b_86023_d_119',1052
12429,1242901,'c_71689_b_86023_d_127',1053,1054,1055,1056,1057,1058,1059,1060,1061
12429,1242901,'c_71689_b_86023_d_16',1062,1063,1064
12429,1242901,'c_71689_b_86023_d_31',1065
12429,1242901,'c_71689_b_86023_d_63',1066
12430,1243000,'c_71644_b_85821_d_125',1938
12430,1243000,'c_71644_b_85821_d_127',1939,1940,1941,1942,1943,1944,1945,1946,1947,1948,1949,1950,1951,1952,1953,1954,1955,1956,1957,1958,1959,1960,1961,1962,1963
12430,1243000,'c_71644_b_85821_d_31',1964
12430,1243000,'c_71644_b_85821_d_48',1965
12430,1243000,'c_71644_b_85821_d_63',1966
12430,1243001,'c_71644_b_85821_d_125',1967
12430,1243001,'c_71644_b_85821_d_127',1968,1969,1970,1971,1972,1973,1974,1975,1976,1977,1978,1979,1980,1981,1982,1983,1984,1985,1986,1987,1988,1989,1990,1991,1992
12430,1243001,'c_71644_b_85821_d_31',1993
12430,1243001,'c_71644_b_85821_d_48',1994
12430,1243001,'c_71644_b_85821_d_63',1995
12431,1243100,'c_21151_b_31125_d_127',1996,1997,1998,1999,2000,2001,2002,2003
12431,1243100,'c_71644_b_85821_d_117',2004
12431,1243100,'c_71644_b_85821_d_127',2005,2006,2007,2008,2009
12431,1243100,'c_71644_b_85821_d_8',2010
12431,1243101,'c_21151_b_31125_d_127',2011,2012,2013,2014,2015,2016,2017,2018,2019
12431,1243101,'c_71644_b_85821_d_119',2020
12431,1243101,'c_71644_b_85821_d_125',2021
12431,1243101,'c_71644_b_85821_d_127',2022,2023,2024,2025
12431,1243101,'c_71644_b_85821_d_8',2026
12432,1243200,'c_21151_b_31125_d_127',2027,2028
12432,1243200,'c_71644_b_85821_d_118',2029
12432,1243200,'c_71644_b_85821_d_125',2030,2031
12432,1243200,'c_71644_b_85821_d_127',2032,2033,2034,2035,2036,2037,2038,2039
12432,1243200,'c_71644_b_85821_d_63',2040
12432,1243200,'c_71644_b_85821_d_64',2041,2042
12432,1243200,'c_71644_b_85821_d_9',2043
12432,1243201,'c_21151_b_31125_d_127',2044,2045
12432,1243201,'c_71644_b_85821_d_118',2046
12432,1243201,'c_71644_b_85821_d_125',2047,2048
12432,1243201,'c_71644_b_85821_d_127',2049,2050,2051,2052,2053
12432,1243201,'c_71644_b_85821_d_63',2054,2055,2056,2057
12432,1243201,'c_71644_b_85821_d_64',2058
12432,1243201,'c_71644_b_85821_d_9',2059
12434,1243400,'c_21151_b_31125_d_127',1067,1068,1069,1070,1071,1072,1073,1074,1075,1076,1077,1078,1079,1080,1081,1082,1083,1084,1085,1086,1087,1088,1089,1090,1091,1092,1093,1094,1095,1096,1097,1098,1099,1100,1101,1102,1103,1104,1105,1106,1107,1108,1109,1110,1111,1112,1113,1114,1115,2060,2061,2062,2063
12434,1243400,'c_71702_b_86053_d_48',1116,1117
12434,1243400,'c_71702_b_86053_d_7',1118
12434,1243400,'c_71702_b_86053_d_79',1119,1120
12434,1243400,'c_71867_b_86711_d_32',1121,1122
12434,1243400,'c_71867_b_86711_d_64',1123,1124,1125,1126,1127
12434,1243400,'c_72072_b_87187_d_32',2064
12434,1243400,'c_72072_b_87187_d_64',2065,2066
12434,1243401,'c_21151_b_31125_d_127',1128,1129,1130,1131,1132,1133,1134,1135,1137,1138,1139,1140,1141,1142,1143,1144,1145,1146,1147,1148,1149,1150,1151,1152,1153,1154,1155,1156,1157,1158,1159,1160,1161,1162,1163,1164,1165,1166,1167,1168,1169,1170,1171,1172,1173,1174,1175,1176,2067,2068,2069,2070
12434,1243401,'c_71702_b_86053_d_121',1177,1178
12434,1243401,'c_71702_b_86053_d_6',1179,1180
12434,1243401,'c_71867_b_86711_d_16',1181,1182,1183,1184,1185
12434,1243401,'c_71867_b_86711_d_32',1186
12434,1243401,'c_71867_b_86711_d_64',1187
12434,1243401,'c_72072_b_87187_d_1',2071
12434,1243401,'c_72072_b_87187_d_16',2072
12441,1244100,'c_21151_b_31125_d_127',2073,2074,2075,2076,2077,2078,2079,2080,2081,2082
12441,1244100,'c_72073_b_87188_d_127',2083
12441,1244101,'c_21151_b_31125_d_127',2084,2085,2086,2087,2088,2089,2090
12441,1244101,'c_72073_b_87188_d_65',2091
12442,1244200,'c_21151_b_31125_d_127',2092,2093
12442,1244200,'c_72075_b_87191_d_119',2094,2095
12442,1244200,'c_72075_b_87191_d_127',2096,2097,2098,2099,2100,2101,2102,2103,2104,2105
12442,1244200,'c_72075_b_87191_d_4',2106
12442,1244200,'c_72075_b_87191_d_8',2107,2108
12442,1244201,'c_21151_b_31125_d_127',2109,2110
12442,1244201,'c_72075_b_87191_d_115',2111
12442,1244201,'c_72075_b_87191_d_119',2112
12442,1244201,'c_72075_b_87191_d_12',2113
12442,1244201,'c_72075_b_87191_d_127',2114,2115,2116,2117,2118,2119,2120,2121,2122,2123
12442,1244201,'c_72075_b_87191_d_8',2124
12443,1244300,'c_21151_b_31125_d_127',1188,1189,1190,1191,1192,1193,2125,2126
12443,1244300,'c_71707_b_86112_d_121',1211
12443,1244300,'c_71707_b_86112_d_127',1212,1213,1214,1215,1216,1217,1218,1219,1220
12443,1244300,'c_71707_b_86112_d_80',1221,1222
12443,1244300,'c_71707_b_86112_d_95',1223
12443,1244300,'c_72047_b_87163_d_121',2127
12443,1244300,'c_72047_b_87163_d_127',2128,2129,2130,2131,2132,2133,2134,2135,2136,2137,2138,2139,2140
12443,1244300,'c_72047_b_87163_d_63',2141
12443,1244300,'c_72047_b_87163_d_64',2142
12443,1244300,'c_72048_b_87164_d_127',2143,2144,2145,2146,2147,2148,2149,2150,2151,2152
12443,1244300,'c_72048_b_87164_d_88',2153
12443,1244300,'c_72050_b_87166_d_127',2154,2155,2156,2157,2158,2159,2160,2161,2162
12443,1244300,'c_72050_b_87166_d_48',2163
12443,1244300,'c_72050_b_87166_d_88',2164
12443,1244300,'c_72056_b_87172_d_127',2165,2166,2167,2168,2169,2170,2171,2172,2173
12443,1244300,'c_72056_b_87172_d_48',2174
12443,1244300,'c_72056_b_87172_d_88',2175
12443,1244300,'c_72057_b_87173_d_127',2176,2177,2178,2179,2180,2181,2182,2183,2184
12443,1244300,'c_72057_b_87173_d_48',2185
12443,1244300,'c_72057_b_87173_d_88',2186
12443,1244300,'c_72058_b_87174_d_127',2187,2188,2189,2190,2191,2192,2193,2194,2195
12443,1244300,'c_72058_b_87174_d_48',2196
12443,1244300,'c_72058_b_87174_d_88',2197
12443,1244300,'c_72060_b_87176_d_127',2198,2199,2200,2201,2202,2203,2204,2205,2206
12443,1244300,'c_72060_b_87176_d_48',2207
12443,1244300,'c_72060_b_87176_d_88',2208
12443,1244301,'c_21151_b_31125_d_127',1224,1225,1226,1227,1228,1229,1230,1232
12443,1244301,'c_71707_b_86112_d_127',1250,1251,1252,1253,1254,1255,1256,1257,1258
12443,1244301,'c_71707_b_86112_d_57',1259
12443,1244301,'c_71707_b_86112_d_80',1260,1261
12443,1244301,'c_71707_b_86112_d_95',1262
12443,1244301,'c_72047_b_87163_d_127',2209,2210,2211,2212,2213,2214,2215,2216,2217,2218,2219,2220,2221,2222
12443,1244301,'c_72047_b_87163_d_57',2223
12443,1244301,'c_72047_b_87163_d_64',2224
12443,1244301,'c_72047_b_87163_d_81',2225
12443,1244301,'c_72048_b_87164_d_127',2226,2227,2228,2229,2230,2231,2232,2233,2234,2235
12443,1244301,'c_72048_b_87164_d_88',2236
12443,1244301,'c_72050_b_87166_d_127',2237,2238,2239,2240,2241,2242,2243,2244,2245,2246
12443,1244301,'c_72050_b_87166_d_88',2247
12443,1244301,'c_72056_b_87172_d_127',2248,2249,2250,2251,2252,2253,2254,2255,2256,2257
12443,1244301,'c_72056_b_87172_d_88',2258
12443,1244301,'c_72057_b_87173_d_127',2259,2260,2261,2262,2263,2264,2265,2266,2267,2268
12443,1244301,'c_72057_b_87173_d_88',2269
12443,1244301,'c_72058_b_87174_d_127',2270,2271,2272,2273,2274,2275,2276,2277,2278,2279
12443,1244301,'c_72058_b_87174_d_88',2280
12443,1244301,'c_72060_b_87176_d_127',2281,2282,2283,2284,2285,2286,2287,2288,2289,2290
12443,1244301,'c_72060_b_87176_d_88',2291
12444,1244400,'c_21151_b_31125_d_127',1263
12444,1244400,'c_71688_b_86022_d_127',2292,2293,2294,2295,2296,2297
12444,1244400,'c_71688_b_86022_d_32',2298
12444,1244400,'c_71688_b_86022_d_95',2299
12444,1244400,'c_71862_b_86704_d_127',1264,1265,1266,1267,1268,1269,1270
12444,1244400,'c_71863_b_86705_d_127',1271,1272,1273,1274,1275,1276,1277,1278
12444,1244400,'c_71975_b_87005_d_127',1279,1280,1281,1282,1283,1284,1285
12444,1244400,'c_71976_b_87006_d_127',1286,1287,1288,1289,1290,1291,1292
12444,1244400,'c_71977_b_87007_d_127',1293,1294,1295,1296,1297,1298,1299
12444,1244400,'c_72061_b_87177_d_127',2300,2301,2302,2303,2304,2305,2306
12444,1244400,'c_72061_b_87177_d_80',2307
12444,1244401,'c_21151_b_31125_d_127',1300
12444,1244401,'c_71688_b_86022_d_127',2308,2309,2310,2311,2312,2313
12444,1244401,'c_71688_b_86022_d_32',2314
12444,1244401,'c_71688_b_86022_d_95',2315
12444,1244401,'c_71862_b_86704_d_127',1301,1302,1303,1304,1305,1306,1307
12444,1244401,'c_71863_b_86705_d_127',1308,1309,1310,1311,1312,1313,1314,1315
12444,1244401,'c_71975_b_87005_d_127',1316,1317,1318,1319,1320,1321,1322
12444,1244401,'c_71976_b_87006_d_127',1323,1324,1325,1326,1327,1328,1329
12444,1244401,'c_71977_b_87007_d_127',1330,1331,1332,1333,1334,1335,1336
12444,1244401,'c_72061_b_87177_d_127',2316,2317,2318,2319,2320,2321,2322
12444,1244401,'c_72061_b_87177_d_80',2323
