1243000,'c_71644_b_85821_d_125',930,,1938,1,,,1
1243000,'c_71644_b_85821_d_127',630,,1953,1,,,1,200,,1939,1,,,1,70,,1954,1,,,1,100,,1956,1,,,1,30,,1955,1,,,1,70,,1941,1,,,1,30,,1940,1,,,1,110,,1942,1,,,1,65,,1962,1,,,1,25,,1943,1,,,1,70,,1957,1,,,1,30,,1944,1,,,1,70,,1958,1,,,1,30,,1945,1,,,1,70,,1959,1,,,1,30,,1947,1,,,1,70,,1960,1,,,1,25,,1946,1,,,1,25,,1949,1,,,1,65,,1961,1,,,1,30,,1950,1,,,1,165,,1951,1,,,1,95,,1952,1,,,1,50,,1963,1,,,1,85,,1948,1,,,1
1243000,'c_71644_b_85821_d_31',800,,1964,1,,,1
1243000,'c_71644_b_85821_d_48',2330,,1965,1,,,1
1243000,'c_71644_b_85821_d_63',730,,1966,1,,,1
1243001,'c_71644_b_85821_d_125',1640,,1967,2,4,,1
1243001,'c_71644_b_85821_d_127',615,,1990,2,4,,1,195,,1970,2,4,,1,30,,1991,2,4,,1,70,,1969,2,4,,1,30,,1984,2,4,,1,70,,1968,2,4,,1,30,,1985,2,4,,1,70,,1973,2,4,,1,30,,1986,2,4,,1,110,,1972,2,4,,1,65,,1971,2,4,,1,25,,1987,2,4,,1,70,,1975,2,4,,1,30,,1988,2,4,,1,70,,1974,2,4,,1,30,,1989,2,4,,1,70,,1976,2,4,,1,100,,1977,2,4,,1,25,,1978,2,4,,1,65,,1979,2,4,,1,25,,1992,2,4,,1,95,,1980,2,4,,1,130,,1982,2,4,,1,90,,1983,2,4,,1,90,,1981,2,4,,1
1243001,'c_71644_b_85821_d_31',740,,1993,2,4,,1
1243001,'c_71644_b_85821_d_48',2315,,1994,2,4,,1
1243001,'c_71644_b_85821_d_63',710,,1995,2,4,,1
