1242200,'c_21151_b_31125_d_127',615,,306,2,4,,1,195,,309,2,4,,1,10,,310,1,,,1,325,,301,2,4,,1,385,,1554,2,4,,1,10,,1555,1,,,1,65,,1543,2,4,,1,195,,313,2,4,,1,10,,314,1,,,1,130,,1556,2,4,,1,15,,1557,1,,,1,55,,1546,2,4,,1,35,,304,2,4,,1
1242200,'c_71688_b_86022_d_15',620,,1561,2,4,,1,200,,1577,2,4,,1,10,,1578,1,,,1,370,,1558,2,4,,1,540,,1582,2,4,,1,15,,1579,1,,,1,50,,1565,2,4,,1,240,,1569,2,4,,1
1242200,'c_71688_b_86022_d_16',620,,1598,2,4,,1,200,,1600,2,4,,1,10,,1601,1,,,1,370,,1592,2,4,,1,545,,1595,2,4,,1,355,,1607,2,4,,1,10,,1608,1,,,1
1242200,'c_71688_b_86022_d_32',700,,1611,2,4,,1,430,,1625,2,4,,1,95,,1634,2,4,,1,10,,1635,1,,,1,405,,1630,2,4,,1,10,,1624,1,,,1,80,,1620,2,4,,1,300,,1609,2,4,,1
1242200,'c_71688_b_86022_d_64',625,,1657,2,4,,1,185,,1646,2,4,,1,10,,1647,1,,,1,210,,1650,2,4,,1,500,,1661,2,4,,1,10,,1662,1,,,1,65,,1639,2,4,,1,335,,1663,2,4,,1,15,,1664,1,,,1,55,,1642,2,4,,1
1242200,'c_71979_b_87009_d_15',615,,322,2,4,,1,195,,317,2,4,,1,10,,318,1,,,1,325,,315,2,4,,1,595,,327,2,4,,1,15,,328,1,,,1,50,,326,2,4,,1,240,,333,2,4,,1
1242200,'c_71979_b_87009_d_16',615,,360,2,4,,1,195,,354,2,4,,1,10,,355,1,,,1,325,,349,2,4,,1,655,,358,2,4,,1,10,,359,1,,,1,235,,352,2,4,,1
1242200,'c_71979_b_87009_d_32',700,,365,2,4,,1,425,,379,2,4,,1,515,,384,2,4,,1,10,,378,1,,,1,80,,374,2,4,,1,300,,363,2,4,,1
1242200,'c_71979_b_87009_d_64',730,,407,2,4,,1,175,,397,2,4,,1,10,,398,1,,,1,195,,402,2,4,,1,500,,390,2,4,,1,320,,400,2,4,,1,15,,401,1,,,1,60,,392,2,4,,1
1242200,'c_71980_b_87010_d_15',615,,412,2,4,,1,195,,422,2,4,,1,10,,423,1,,,1,325,,408,2,4,,1,595,,426,2,4,,1,15,,424,1,,,1,50,,416,2,4,,1,210,,417,2,4,,1
1242200,'c_71980_b_87010_d_16',615,,436,2,4,,1,195,,440,2,4,,1,10,,441,1,,,1,325,,432,2,4,,1,655,,443,2,4,,1,10,,444,1,,,1,235,,435,2,4,,1
1242200,'c_71980_b_87010_d_32',700,,446,2,4,,1,425,,456,2,4,,1,515,,459,2,4,,1,10,,455,1,,,1,80,,451,2,4,,1,300,,445,2,4,,1
1242200,'c_71980_b_87010_d_64',730,,477,2,4,,1,175,,469,2,4,,1,10,,470,1,,,1,135,,462,2,4,,1,560,,464,2,4,,1,320,,471,2,4,,1,15,,472,1,,,1,60,,466,2,4,,1
1242200,'c_71981_b_87011_d_15',615,,482,2,4,,1,195,,498,2,4,,1,10,,499,1,,,1,325,,479,2,4,,1,595,,503,2,4,,1,15,,500,1,,,1,50,,486,2,4,,1,240,,490,2,4,,1
1242200,'c_71981_b_87011_d_16',615,,518,2,4,,1,195,,521,2,4,,1,10,,522,1,,,1,325,,513,2,4,,1,655,,525,2,4,,1,10,,526,1,,,1,235,,516,2,4,,1
1242200,'c_71981_b_87011_d_32',700,,529,2,4,,1,425,,543,2,4,,1,515,,548,2,4,,1,10,,542,1,,,1,80,,538,2,4,,1,300,,527,2,4,,1
1242200,'c_71981_b_87011_d_64',730,,571,2,4,,1,175,,561,2,4,,1,10,,562,1,,,1,195,,566,2,4,,1,500,,554,2,4,,1,320,,564,2,4,,1,15,,565,1,,,1,60,,556,2,4,,1
1242201,'c_21151_b_31125_d_127',625,,588,1,0,14 6 15 8,1,425,,592,2,4,,1,50,,593,1,0,14 6 15 8,1,55,,582,1,0,14 6 15 8,1,460,,1665,1,0,19 6 20 8,1,10,,595,1,0,14 6 15 8,1,395,,1667,1,0,19 6 20 8,1,5,,596,2,4,,1,10,,590,1,0,14 6 15 8,1,20,,586,1,0,16 17 18 8,1
1242201,'c_71688_b_86022_d_15',630,,1684,1,0,14 6 15 8,1,490,,1692,2,4,,1,10,,1693,1,0,14 6 15 8,1,80,,1678,1,0,14 6 15 8,1,605,,1683,1,0,19 6 20 8,1,210,,1696,2,4,,1,10,,1697,1,0,14 6 15 8,1,20,,1677,1,,,1
1242201,'c_71688_b_86022_d_16',630,,1715,1,0,14 6 15 8,1,490,,1719,2,4,,1,10,,1720,1,0,14 6 15 8,1,80,,1710,1,0,14 6 15 8,1,490,,1721,2,4,,1,10,,1722,1,0,14 6 15 8,1,45,,1712,1,,,1,185,,1727,2,4,,1,10,,1728,1,0,14 6 15 8,1
1242201,'c_71688_b_86022_d_32',710,,1741,1,0,14 6 15 8,1,314,,1749,2,4,,1,11,,1750,1,0,9 10 11 12 13,1,105,,1742,1,0,19 6 20 8,1,600,,1744,1,0,14 6 15 8,1,300,,1729,1,,,1,215,,1739,2,4,,1,50,,1740,1,0,14 6 15 8,1
1242201,'c_71688_b_86022_d_64',635,,1767,1,0,19 6 20 8,1,405,,1763,1,0,14 6 15 8,1,10,,1759,2,4,,1,50,,1760,1,0,14 6 15 8,1,515,,1752,1,0,19 6 20 8,1,405,,1769,1,0,19 6 20 8,1
1242201,'c_71979_b_87009_d_15',625,,611,1,0,14 6 15 8,1,425,,619,2,4,,1,50,,620,1,0,14 6 15 8,1,55,,600,1,0,14 6 15 8,1,660,,606,1,0,19 6 20 8,1,210,,608,2,4,,1,10,,609,1,0,14 6 15 8,1,20,,599,1,,,1
1242201,'c_71979_b_87009_d_16',625,,644,1,0,14 6 15 8,1,425,,640,2,4,,1,50,,641,1,0,14 6 15 8,1,55,,633,1,0,14 6 15 8,1,460,,642,2,4,,1,10,,643,1,0,14 6 15 8,1,400,,646,2,4,,1,10,,649,1,0,14 6 15 8,1,20,,637,1,0,16 17 18 8,1
1242201,'c_71979_b_87009_d_32',710,,663,1,0,14 6 15 8,1,239,,658,2,4,,1,51,,659,1,0,14 6 15 8,1,135,,664,1,0,19 6 20 8,1,605,,666,1,0,14 6 15 8,1,300,,650,1,,,1,215,,661,2,4,,1,50,,662,1,0,14 6 15 8,1
1242201,'c_71979_b_87009_d_64',740,,690,1,0,14 6 15 8,1,380,,684,1,0,14 6 15 8,1,85,,680,2,4,,1,10,,681,1,0,14 6 15 8,1,405,,672,1,0,14 6 15 8,1,395,,675,1,0,19 6 20 8,1
1242201,'c_71980_b_87010_d_15',625,,697,1,0,14 6 15 8,1,425,,703,2,4,,1,50,,704,1,0,14 6 15 8,1,55,,694,1,0,14 6 15 8,1,660,,696,1,,,1,210,,706,2,4,,1,10,,707,1,0,14 6 15 8,1,20,,693,1,,,1
1242201,'c_71980_b_87010_d_16',625,,720,1,0,14 6 15 8,1,425,,723,2,4,,1,50,,724,1,0,14 6 15 8,1,55,,714,1,0,14 6 15 8,1,460,,725,2,4,,1,10,,726,1,0,14 6 15 8,1,400,,727,2,4,,1,10,,722,1,0,14 6 15 8,1,20,,718,1,0,16 17 18 8,1
1242201,'c_71980_b_87010_d_32',710,,741,1,0,14 6 15 8,1,239,,736,2,4,,1,51,,737,1,0,14 6 15 8,1,135,,742,1,,,1,605,,744,1,0,14 6 15 8,1,300,,730,1,,,1,215,,739,2,4,,1,50,,740,1,0,14 6 15 8,1
1242201,'c_71980_b_87010_d_64',740,,761,1,0,14 6 15 8,1,380,,757,1,0,14 6 15 8,1,85,,754,2,4,,1,10,,755,1,0,14 6 15 8,1,405,,749,1,0,14 6 15 8,1,395,,751,1,,,1
1242201,'c_71981_b_87011_d_15',625,,770,1,0,14 6 15 8,1,425,,778,2,4,,1,50,,779,1,0,14 6 15 8,1,55,,764,1,0,14 6 15 8,1,660,,769,1,0,19 6 20 8,1,210,,782,2,4,,1,10,,783,1,0,14 6 15 8,1,20,,763,1,,,1
1242201,'c_71981_b_87011_d_16',625,,803,1,0,14 6 15 8,1,425,,807,2,4,,1,50,,808,1,0,14 6 15 8,1,55,,797,1,0,14 6 15 8,1,460,,809,2,4,,1,10,,810,1,0,14 6 15 8,1,400,,811,2,4,,1,10,,805,1,0,14 6 15 8,1,20,,801,1,0,16 17 18 8,1
1242201,'c_71981_b_87011_d_32',710,,827,1,0,14 6 15 8,1,239,,822,2,4,,1,51,,823,1,0,14 6 15 8,1,135,,828,1,0,19 6 20 8,1,605,,830,1,0,14 6 15 8,1,300,,814,1,,,1,215,,825,2,4,,1,50,,826,1,0,14 6 15 8,1
1242201,'c_71981_b_87011_d_64',740,,854,1,0,14 6 15 8,1,380,,848,1,0,14 6 15 8,1,85,,844,2,4,,1,10,,845,1,0,14 6 15 8,1,405,,836,1,0,14 6 15 8,1,395,,839,1,0,19 6 20 8,1
