1242200,'c_21151_b_31125_d_127',650,,298,2,4,,1,85,,305,2,4,,1,10,,309,1,0,5 6 7 8,1,355,,300,2,4,,1,5,,293,2,4,,1,15,,301,1,0,5 6 7 8,1,410,,1542,2,4,,1,10,,1543,1,0,5 6 7 8,1,15,,1548,2,4,,1,55,,1551,2,4,,1,10,,1552,1,,,1,80,,303,2,4,,1,20,,296,2,4,,1,15,,313,1,0,5 6 7 8,1,200,,1545,2,4,,1,10,,1546,1,0,5 6 7 8,1,10,,1553,1,,,1,57,,1550,2,4,,1,38,,297,2,4,,1
1242200,'c_71688_b_86022_d_15',650,,1573,2,4,,1,90,,1576,2,4,,1,15,,1577,1,0,5 6 7 8,1,355,,1581,2,4,,1,10,,1559,2,4,,1,10,,1558,1,0,5 6 7 8,1,520,,1575,2,4,,1,60,,1564,2,4,,1,5,,1582,1,0,5 6 7 8,1,8,,1562,2,4,,1,17,,1565,1,0,5 6 7 8,1,375,,1571,2,4,,1
1242200,'c_71688_b_86022_d_16',650,,1589,2,4,,1,90,,1597,2,4,,1,15,,1600,1,0,5 6 7 8,1,355,,1591,2,4,,1,10,,1584,2,4,,1,10,,1592,1,0,5 6 7 8,1,577,,1586,2,4,,1,3,,1594,2,4,,1,10,,1595,1,0,5 6 7 8,1,25,,1604,1,,,1,275,,1596,2,4,,1,15,,1607,1,0,5 6 7 8,1
1242200,'c_71688_b_86022_d_32',655,,1627,2,4,,1,376,,1616,2,4,,1,24,,1613,2,4,,1,50,,1625,1,0,5 6 7 8,1,5,,1622,1,,,1,440,,1632,2,4,,1,55,,1623,2,4,,1,10,,1630,1,0,5 6 7 8,1,40,,1619,2,4,,1,50,,1620,1,0,5 6 7 8,1,250,,1610,2,4,,1,50,,1609,1,0,5 6 7 8,1
1242200,'c_71688_b_86022_d_64',720,,1660,2,4,,1,15,,1645,2,4,,1,10,,1646,1,0,5 6 7 8,1,210,,1636,2,4,,1,50,,1650,1,0,5 6 7 8,1,100,,1652,2,4,,1,425,,1638,2,4,,1,10,,1639,1,0,5 6 7 8,1,15,,1643,2,4,,1,55,,1655,2,4,,1,10,,1656,1,,,1,315,,1641,2,4,,1,10,,1642,1,0,5 6 7 8,1,10,,1649,1,,,1,57,,1644,2,4,,1
1242200,'c_71979_b_87009_d_15',650,,337,2,4,,1,85,,316,2,4,,1,10,,317,1,0,5 6 7 8,1,355,,320,2,4,,1,5,,319,2,4,,1,15,,315,1,0,5 6 7 8,1,530,,339,2,4,,1,60,,325,2,4,,1,5,,327,1,0,5 6 7 8,1,8,,323,2,4,,1,17,,326,1,0,5 6 7 8,1,375,,335,2,4,,1
1242200,'c_71979_b_87009_d_16',650,,346,2,4,,1,85,,353,2,4,,1,10,,354,1,0,5 6 7 8,1,355,,348,2,4,,1,5,,341,2,4,,1,15,,349,1,0,5 6 7 8,1,580,,351,2,4,,1,20,,344,2,4,,1,15,,358,1,0,5 6 7 8,1,315,,345,2,4,,1
1242200,'c_71979_b_87009_d_32',655,,381,2,4,,1,375,,370,2,4,,1,20,,367,2,4,,1,50,,379,1,0,5 6 7 8,1,5,,376,1,,,1,445,,386,2,4,,1,55,,377,2,4,,1,10,,384,1,0,5 6 7 8,1,40,,373,2,4,,1,50,,374,1,0,5 6 7 8,1,250,,364,2,4,,1,50,,363,1,0,5 6 7 8,1
1242200,'c_71979_b_87009_d_64',830,,396,2,4,,1,10,,397,1,0,5 6 7 8,1,180,,403,2,4,,1,515,,389,2,4,,1,10,,390,1,0,5 6 7 8,1,260,,405,2,4,,1,100,,400,1,0,5 6 7 8,1,25,,391,2,4,,1,10,,392,1,0,5 6 7 8,1
1242200,'c_71980_b_87010_d_15',650,,420,2,4,,1,60,,409,2,4,,1,35,,422,1,0,5 6 7 8,1,355,,425,2,4,,1,5,,410,2,4,,1,15,,408,1,0,5 6 7 8,1,490,,421,2,4,,1,100,,415,2,4,,1,5,,426,1,0,5 6 7 8,1,8,,413,2,4,,1,17,,416,1,0,5 6 7 8,1,315,,418,2,4,,1
1242200,'c_71980_b_87010_d_16',650,,429,2,4,,1,60,,439,2,4,,1,35,,440,1,0,5 6 7 8,1,355,,431,2,4,,1,5,,427,2,4,,1,15,,432,1,0,5 6 7 8,1,580,,434,2,4,,1,20,,428,2,4,,1,15,,443,1,0,5 6 7 8,1,285,,437,2,4,,1
1242200,'c_71980_b_87010_d_32',635,,457,2,4,,1,395,,449,2,4,,1,20,,447,2,4,,1,50,,456,1,0,5 6 7 8,1,5,,453,1,,,1,420,,460,2,4,,1,80,,454,2,4,,1,10,,459,1,0,5 6 7 8,1,20,,450,2,4,,1,70,,451,1,0,5 6 7 8,1,225,,461,2,4,,1,75,,445,1,0,5 6 7 8,1
1242200,'c_71980_b_87010_d_64',750,,478,2,4,,1,80,,473,2,4,,1,10,,469,1,0,5 6 7 8,1,180,,474,2,4,,1,515,,463,2,4,,1,10,,464,1,0,5 6 7 8,1,260,,475,2,4,,1,100,,471,1,0,5 6 7 8,1,25,,465,2,4,,1,10,,466,1,0,5 6 7 8,1
1242200,'c_71981_b_87011_d_15',650,,494,2,4,,1,85,,497,2,4,,1,10,,498,1,0,5 6 7 8,1,355,,502,2,4,,1,5,,480,2,4,,1,15,,479,1,0,5 6 7 8,1,530,,496,2,4,,1,60,,485,2,4,,1,5,,503,1,0,5 6 7 8,1,8,,483,2,4,,1,17,,486,1,0,5 6 7 8,1,375,,492,2,4,,1
1242200,'c_71981_b_87011_d_16',650,,510,2,4,,1,85,,517,2,4,,1,10,,521,1,0,5 6 7 8,1,355,,512,2,4,,1,5,,505,2,4,,1,15,,513,1,0,5 6 7 8,1,580,,515,2,4,,1,20,,508,2,4,,1,15,,525,1,0,5 6 7 8,1,315,,509,2,4,,1
1242200,'c_71981_b_87011_d_32',655,,545,2,4,,1,375,,534,2,4,,1,20,,531,2,4,,1,50,,543,1,0,5 6 7 8,1,5,,540,1,,,1,445,,550,2,4,,1,55,,541,2,4,,1,10,,548,1,0,5 6 7 8,1,40,,537,2,4,,1,50,,538,1,0,5 6 7 8,1,250,,528,2,4,,1,50,,527,1,0,5 6 7 8,1
1242200,'c_71981_b_87011_d_64',830,,560,2,4,,1,10,,561,1,0,5 6 7 8,1,180,,567,2,4,,1,515,,553,2,4,,1,10,,554,1,0,5 6 7 8,1,260,,569,2,4,,1,100,,564,1,0,5 6 7 8,1,25,,555,2,4,,1,10,,556,1,0,5 6 7 8,1
1242201,'c_21151_b_31125_d_127',655,,588,2,4,,1,45,,580,1,0,19 6 20 8,1,5,,589,1,,,1,410,,573,1,0,19 6 20 8,1,10,,593,2,4,,1,10,,598,1,0,19 6 20 8,1,85,,582,2,4,,1,10,,583,1,,,1,375,,1669,1,,,1,45,,595,2,4,,1,60,,584,1,0,9 10 11 12 13,1,30,,576,1,0,19 6 20 8,1,190,,1673,2,4,,1,95,,1671,1,0,16 17 18 8,1,75,,590,2,4,,1,10,,597,1,0,9 10 11 12 13,1,5,,578,1,0,19 6 20 8,1
1242201,'c_71688_b_86022_d_15',655,,1684,2,4,,1,45,,1690,1,0,19 6 20 8,1,5,,1687,1,,,1,435,,1699,1,0,19 6 20 8,1,15,,1693,2,4,,1,50,,1694,1,0,19 6 20 8,1,30,,1678,2,4,,1,10,,1679,1,,,1,505,,1686,1,,,1,355,,1697,2,4,,1,10,,1698,1,0,19 6 20 8,1,7,,1688,1,0,16 17 18 8,1
1242201,'c_71688_b_86022_d_16',655,,1715,2,4,,1,45,,1708,1,0,19 6 20 8,1,5,,1716,1,,,1,435,,1702,1,0,19 6 20 8,1,15,,1720,2,4,,1,50,,1724,1,0,19 6 20 8,1,30,,1710,2,4,,1,10,,1711,1,,,1,480,,1705,1,,,1,10,,1722,2,4,,1,5,,1706,1,0,19 6 20 8,1,275,,1728,2,4,,1,15,,1713,1,0,16 17 18 8,1
1242201,'c_71688_b_86022_d_32',710,,1743,1,,,1,25,,1741,2,4,,1,10,,1731,1,0,19 6 20 8,1,280,,1737,2,4,,1,20,,1734,1,0,19 6 20 8,1,555,,1746,1,0,16 17 18 8,1,205,,1744,2,4,,1,10,,1745,1,,,1,515,,1740,2,4,,1,10,,1730,1,0,9 10 11 12 13,1
1242201,'c_71688_b_86022_d_64',730,,1770,1,0,19 6 20 8,1,375,,1763,2,4,,1,10,,1751,1,0,19 6 20 8,1,12,,1760,2,4,,1,13,,1761,1,0,19 6 20 8,1,465,,1755,1,,,1,325,,1765,2,4,,1,95,,1757,1,0,16 17 18 8,1
1242201,'c_71979_b_87009_d_15',655,,611,2,4,,1,45,,617,1,0,19 6 20 8,1,5,,614,1,,,1,410,,604,1,0,19 6 20 8,1,10,,620,2,4,,1,10,,621,1,0,19 6 20 8,1,85,,600,2,4,,1,10,,601,1,,,1,520,,613,1,,,1,355,,609,2,4,,1,10,,610,1,0,19 6 20 8,1,7,,615,1,0,16 17 18 8,1
1242201,'c_71979_b_87009_d_16',655,,644,2,4,,1,45,,631,1,0,19 6 20 8,1,5,,645,1,,,1,410,,624,1,0,19 6 20 8,1,10,,641,2,4,,1,10,,648,1,0,19 6 20 8,1,85,,633,2,4,,1,10,,634,1,,,1,420,,643,2,4,,1,60,,635,1,0,9 10 11 12 13,1,30,,627,1,0,19 6 20 8,1,360,,649,2,4,,1,10,,647,1,0,9 10 11 12 13,1,5,,629,1,0,19 6 20 8,1
1242201,'c_71979_b_87009_d_32',705,,665,1,,,1,30,,663,2,4,,1,10,,652,1,0,19 6 20 8,1,280,,659,2,4,,1,15,,655,1,0,19 6 20 8,1,560,,668,1,0,16 17 18 8,1,205,,666,2,4,,1,10,,667,1,,,1,515,,662,2,4,,1,10,,651,1,0,9 10 11 12 13,1
1242201,'c_71979_b_87009_d_64',805,,690,2,4,,1,10,,691,1,0,19 6 20 8,1,35,,686,1,0,16 17 18 8,1,295,,684,2,4,,1,10,,671,1,0,19 6 20 8,1,90,,681,2,4,,1,10,,682,1,0,19 6 20 8,1,390,,672,2,4,,1,10,,673,1,0,19 6 20 8,1,165,,678,1,,,1,30,,688,2,4,,1
1242201,'c_71980_b_87010_d_15',655,,697,2,4,,1,45,,702,1,,,1,5,,699,1,,,1,410,,709,1,,,1,10,,704,2,4,,1,10,,705,1,0,9 10 11 12 13,1,85,,694,2,4,,1,10,,695,1,,,1,520,,698,1,,,1,355,,707,2,4,,1,10,,708,1,0,9 10 11 12 13,1,7,,700,1,0,16 17 18 8,1
1242201,'c_71980_b_87010_d_16',655,,720,2,4,,1,45,,713,1,,,1,5,,721,1,,,1,410,,710,1,,,1,10,,724,2,4,,1,10,,729,1,0,9 10 11 12 13,1,85,,714,2,4,,1,10,,715,1,,,1,420,,726,2,4,,1,60,,716,1,0,9 10 11 12 13,1,30,,711,1,,,1,360,,722,2,4,,1,10,,728,1,0,9 10 11 12 13,1,5,,712,1,,,1
1242201,'c_71980_b_87010_d_32',705,,743,1,,,1,30,,741,2,4,,1,10,,732,1,,,1,280,,737,2,4,,1,15,,733,1,0,16 17 18 8,1,560,,746,1,0,16 17 18 8,1,205,,744,2,4,,1,10,,745,1,,,1,515,,740,2,4,,1,10,,731,1,0,9 10 11 12 13,1
1242201,'c_71980_b_87010_d_64',805,,761,2,4,,1,10,,762,1,,,1,35,,758,1,0,16 17 18 8,1,295,,757,2,4,,1,10,,748,1,,,1,90,,755,2,4,,1,10,,756,1,0,9 10 11 12 13,1,390,,749,2,4,,1,10,,750,1,,,1,165,,752,1,,,1,30,,759,2,4,,1
1242201,'c_71981_b_87011_d_15',655,,770,2,4,,1,45,,776,1,0,19 6 20 8,1,5,,773,1,,,1,410,,785,1,0,19 6 20 8,1,10,,779,2,4,,1,10,,780,1,0,19 6 20 8,1,85,,764,2,4,,1,10,,765,1,,,1,520,,772,1,,,1,355,,783,2,4,,1,10,,784,1,0,19 6 20 8,1,7,,774,1,0,16 17 18 8,1
1242201,'c_71981_b_87011_d_16',655,,803,2,4,,1,45,,795,1,0,19 6 20 8,1,5,,804,1,,,1,410,,788,1,0,19 6 20 8,1,10,,808,2,4,,1,10,,813,1,0,19 6 20 8,1,85,,797,2,4,,1,10,,798,1,,,1,420,,810,2,4,,1,60,,799,1,0,9 10 11 12 13,1,30,,791,1,0,19 6 20 8,1,360,,805,2,4,,1,10,,812,1,0,9 10 11 12 13,1,5,,793,1,0,19 6 20 8,1
1242201,'c_71981_b_87011_d_32',705,,829,1,,,1,30,,827,2,4,,1,10,,816,1,0,19 6 20 8,1,280,,823,2,4,,1,15,,819,1,0,19 6 20 8,1,560,,832,1,0,16 17 18 8,1,205,,830,2,4,,1,10,,831,1,,,1,515,,826,2,4,,1,10,,815,1,0,9 10 11 12 13,1
1242201,'c_71981_b_87011_d_64',805,,854,2,4,,1,10,,855,1,0,19 6 20 8,1,35,,850,1,0,16 17 18 8,1,295,,848,2,4,,1,10,,835,1,0,19 6 20 8,1,90,,845,2,4,,1,10,,846,1,0,19 6 20 8,1,390,,836,2,4,,1,10,,837,1,0,19 6 20 8,1,165,,842,1,,,1,30,,852,2,4,,1
