1242200,'c_21151_b_31125_d_127',610,,308,2,4,,1,5,,298,1,0,14 6 15 8,1,405,,299,2,4,,1,5,,300,1,0,14 6 15 8,1,485,,1547,2,4,,1,10,,1548,1,0,14 6 15 8,1,100,,302,2,4,,1,5,,303,1,0,14 6 15 8,1
1242200,'c_71688_b_86022_d_15',608,,1572,2,4,,1,7,,1573,1,0,14 6 15 8,1,405,,1560,2,4,,1,10,,1581,1,0,14 6 15 8,1,595,,1563,2,4,,1,10,,1564,1,0,14 6 15 8,1
1242200,'c_71688_b_86022_d_16',608,,1599,2,4,,1,7,,1589,1,0,14 6 15 8,1,405,,1590,2,4,,1,10,,1591,1,0,14 6 15 8,1,595,,1593,2,4,,1,10,,1594,1,0,14 6 15 8,1
1242200,'c_71688_b_86022_d_32',949,,1615,2,4,,1,6,,1616,1,0,14 6 15 8,1,245,,1617,2,4,,1,855,,1629,2,4,,1
1242200,'c_71688_b_86022_d_64',638,,1659,2,4,,1,7,,1660,1,0,14 6 15 8,1,370,,1651,2,4,,1,10,,1652,1,0,14 6 15 8,1,485,,1653,2,4,,1,10,,1643,1,0,14 6 15 8,1
1242200,'c_71979_b_87009_d_15',610,,336,2,4,,1,5,,337,1,0,14 6 15 8,1,405,,321,2,4,,1,5,,320,1,0,14 6 15 8,1,600,,324,2,4,,1,10,,325,1,0,14 6 15 8,1
1242200,'c_71979_b_87009_d_16',610,,362,2,4,,1,5,,346,1,0,14 6 15 8,1,405,,347,2,4,,1,5,,348,1,0,14 6 15 8,1,595,,350,2,4,,1,5,,351,1,0,14 6 15 8,1
1242200,'c_71979_b_87009_d_32',945,,369,2,4,,1,10,,370,1,0,14 6 15 8,1,195,,371,2,4,,1,905,,383,2,4,,1
1242200,'c_71979_b_87009_d_64',940,,403,1,0,14 6 15 8,1,780,,393,2,4,,1,10,,405,1,0,14 6 15 8,1,325,,395,2,4,,1
1242200,'c_71980_b_87010_d_15',610,,419,2,4,,1,5,,420,1,0,14 6 15 8,1,405,,411,2,4,,1,5,,425,1,0,14 6 15 8,1,600,,414,2,4,,1,10,,415,1,0,14 6 15 8,1
1242200,'c_71980_b_87010_d_16',610,,438,2,4,,1,5,,429,1,0,14 6 15 8,1,405,,430,2,4,,1,5,,431,1,0,14 6 15 8,1,595,,433,2,4,,1,5,,434,1,0,14 6 15 8,1
1242200,'c_71980_b_87010_d_32',930,,448,2,4,,1,25,,449,1,0,14 6 15 8,1,1085,,458,2,4,,1
1242200,'c_71980_b_87010_d_64',710,,478,1,0,14 6 15 8,1,230,,474,1,0,14 6 15 8,1,780,,467,2,4,,1,10,,475,1,0,14 6 15 8,1,310,,468,2,4,,1
1242200,'c_71981_b_87011_d_15',610,,493,2,4,,1,5,,494,1,0,14 6 15 8,1,405,,481,2,4,,1,5,,502,1,0,14 6 15 8,1,600,,484,2,4,,1,10,,485,1,0,14 6 15 8,1
1242200,'c_71981_b_87011_d_16',610,,520,2,4,,1,5,,510,1,0,14 6 15 8,1,405,,511,2,4,,1,5,,512,1,0,14 6 15 8,1,595,,514,2,4,,1,5,,515,1,0,14 6 15 8,1
1242200,'c_71981_b_87011_d_32',945,,533,2,4,,1,10,,534,1,0,14 6 15 8,1,195,,535,2,4,,1,905,,547,2,4,,1
1242200,'c_71981_b_87011_d_64',940,,567,1,0,14 6 15 8,1,780,,557,2,4,,1,10,,569,1,0,14 6 15 8,1,325,,559,2,4,,1
1242201,'c_21151_b_31125_d_127',2100,,1671,2,4,,1,5,,1672,1,,,1,40,,586,2,4,,1,10,,587,1,,,1
1242201,'c_71688_b_86022_d_15',2157,,1688,2,4,,1,48,,1689,1,,,1
1242201,'c_71688_b_86022_d_16',2110,,1713,2,4,,1,10,,1714,1,,,1
1242201,'c_71688_b_86022_d_32',1205,,1735,1,,,1,430,,1746,2,4,,1,10,,1747,1,0,19 6 20 8,1,460,,1736,1,,,1
1242201,'c_71688_b_86022_d_64',2100,,1757,2,4,,1,5,,1758,1,,,1
1242201,'c_71979_b_87009_d_15',2157,,615,2,4,,1,48,,616,1,,,1
1242201,'c_71979_b_87009_d_16',2145,,637,2,4,,1,10,,638,1,,,1
1242201,'c_71979_b_87009_d_32',1155,,656,1,,,1,480,,668,2,4,,1,10,,669,1,0,19 6 20 8,1,460,,657,1,,,1
1242201,'c_71979_b_87009_d_64',930,,686,2,4,,1,1170,,679,1,,,1
1242201,'c_71980_b_87010_d_15',2157,,700,2,4,,1,48,,701,1,,,1
1242201,'c_71980_b_87010_d_16',2145,,718,2,4,,1,10,,719,1,,,1
1242201,'c_71980_b_87010_d_32',1120,,733,2,4,,1,35,,734,1,,,1,480,,746,2,4,,1,10,,747,1,,,1,460,,735,1,,,1
1242201,'c_71980_b_87010_d_64',930,,758,2,4,,1,1170,,753,1,,,1
1242201,'c_71981_b_87011_d_15',2157,,774,2,4,,1,48,,775,1,,,1
1242201,'c_71981_b_87011_d_16',2145,,801,2,4,,1,10,,802,1,,,1
1242201,'c_71981_b_87011_d_32',1155,,820,1,,,1,480,,832,2,4,,1,10,,833,1,0,19 6 20 8,1,460,,821,1,,,1
1242201,'c_71981_b_87011_d_64',930,,850,2,4,,1,1170,,843,1,,,1
