1239500,'c_21151_b_31125_d_127',625,,1391,2,4,,1
1239500,'c_71688_b_86022_d_127',625,,1398,2,4,,1,190,,1397,2,4,,1,200,,1392,2,4,,1,220,,1399,2,4,,1,285,,1393,2,4,,1,225,,1394,2,4,,1,210,,1396,2,4,,1,195,,1395,2,4,,1
1239500,'c_71862_b_86704_d_127',815,,1405,2,4,,1,200,,1400,2,4,,1,220,,1406,2,4,,1,270,,1401,2,4,,1,220,,1402,2,4,,1,210,,1404,2,4,,1,195,,1403,2,4,,1
1239500,'c_71862_b_86704_d_63',625,,1407,2,4,,1
1239500,'c_71863_b_86705_d_127',815,,1413,2,4,,1,200,,1408,2,4,,1,220,,1414,2,4,,1,285,,1409,2,4,,1,225,,1410,2,4,,1,210,,1412,2,4,,1,195,,1411,2,4,,1
1239500,'c_71863_b_86705_d_47',625,,1415,2,4,,1
1239500,'c_71975_b_87005_d_127',815,,145,2,4,,1,200,,140,2,4,,1,220,,146,2,4,,1,270,,141,2,4,,1,220,,142,2,4,,1,210,,144,2,4,,1,195,,143,2,4,,1
1239500,'c_71975_b_87005_d_63',625,,147,2,4,,1
1239500,'c_71976_b_87006_d_127',815,,153,2,4,,1,200,,148,2,4,,1,220,,154,2,4,,1,285,,149,2,4,,1,225,,150,2,4,,1,210,,152,2,4,,1,195,,151,2,4,,1
1239500,'c_71976_b_87006_d_63',625,,155,2,4,,1
1239500,'c_71978_b_87008_d_127',815,,161,2,4,,1,200,,156,2,4,,1,220,,162,2,4,,1,270,,157,2,4,,1,220,,158,2,4,,1,210,,160,2,4,,1,195,,159,2,4,,1
1239500,'c_71978_b_87008_d_63',625,,163,2,4,,1
1239501,'c_21151_b_31125_d_127',630,,1416,1,,,1
1239501,'c_71688_b_86022_d_127',630,,1417,1,,,1,190,,1419,1,,,1,215,,1421,1,,,1,220,,1420,1,,,1,285,,1418,1,,,1,260,,1423,1,,,1,205,,1422,1,,,1,195,,1424,1,,,1
1239501,'c_71862_b_86704_d_127',820,,1426,1,,,1,215,,1428,1,,,1,220,,1427,1,,,1,270,,1425,1,,,1,215,,1430,1,,,1,205,,1429,1,,,1,195,,1431,1,,,1
1239501,'c_71862_b_86704_d_63',630,,1432,1,,,1
1239501,'c_71863_b_86705_d_127',820,,1434,1,,,1,215,,1436,1,,,1,220,,1435,1,,,1,285,,1433,1,,,1,260,,1438,1,,,1,205,,1437,1,,,1,195,,1439,1,,,1
1239501,'c_71863_b_86705_d_47',630,,1440,1,,,1
1239501,'c_71975_b_87005_d_127',820,,165,1,,,1,215,,167,1,,,1,220,,166,1,,,1,270,,164,1,,,1,215,,169,1,,,1,205,,168,1,,,1,195,,170,1,,,1
1239501,'c_71975_b_87005_d_63',630,,171,1,,,1
1239501,'c_71976_b_87006_d_127',820,,173,1,,,1,215,,175,1,,,1,220,,174,1,,,1,285,,172,1,,,1,260,,177,1,,,1,205,,176,1,,,1,195,,178,1,,,1
1239501,'c_71976_b_87006_d_63',630,,179,1,,,1
1239501,'c_71978_b_87008_d_127',820,,181,1,,,1,215,,183,1,,,1,220,,182,1,,,1,270,,180,1,,,1,215,,185,1,,,1,205,,184,1,,,1,195,,186,1,,,1
1239501,'c_71978_b_87008_d_63',630,,187,1,,,1
