1242200,'c_21151_b_31125_d_127',1250,,311,2,4,,1,70,,312,1,,,1,210,,1551,1,0,14 6 15 8,1,325,,1556,1,0,5 6 7 8,1
1242200,'c_71688_b_86022_d_15',1320,,1574,2,4,,1,910,,1580,2,4,,1
1242200,'c_71688_b_86022_d_16',1320,,1602,2,4,,1,85,,1603,1,,,1,723,,1605,2,4,,1
1242200,'c_71688_b_86022_d_32',705,,1621,1,,,1,435,,1634,1,0,5 6 7 8,1,390,,1623,1,0,14 6 15 8,1
1242200,'c_71688_b_86022_d_64',1253,,1648,2,4,,1,277,,1655,1,0,14 6 15 8,1,325,,1663,1,0,5 6 7 8,1
1242200,'c_71979_b_87009_d_15',1250,,338,2,4,,1,980,,329,2,4,,1
1242200,'c_71979_b_87009_d_16',1250,,356,2,4,,1,70,,357,1,,,1
1242200,'c_71979_b_87009_d_32',650,,375,1,,,1,880,,377,1,0,14 6 15 8,1
1242200,'c_71979_b_87009_d_64',1410,,399,2,4,,1
1242200,'c_71980_b_87010_d_15',620,,409,1,0,14 6 15 8,1,915,,421,1,0,14 6 15 8,1
1242200,'c_71980_b_87010_d_16',620,,439,1,0,14 6 15 8,1,700,,442,1,,,1
1242200,'c_71980_b_87010_d_32',650,,452,1,,,1,880,,454,1,0,14 6 15 8,1
1242200,'c_71980_b_87010_d_64',750,,473,1,0,14 6 15 8,1,705,,476,1,,,1
1242200,'c_71981_b_87011_d_15',1250,,495,2,4,,1,980,,501,2,4,,1
1242200,'c_71981_b_87011_d_16',1250,,523,2,4,,1,70,,524,1,,,1
1242200,'c_71981_b_87011_d_32',650,,539,1,,,1,880,,541,1,0,14 6 15 8,1
1242200,'c_71981_b_87011_d_64',1410,,563,2,4,,1
1242201,'c_21151_b_31125_d_127',620,,591,1,0,19 6 20 8,1,1130,,584,2,4,,1,50,,585,1,,,1,40,,1676,2,4,,1,305,,597,2,4,,1,108,,1674,2,4,,1
1242201,'c_71688_b_86022_d_15',620,,1680,1,0,19 6 20 8,1,915,,1695,1,0,19 6 20 8,1
1242201,'c_71688_b_86022_d_16',620,,1718,1,0,19 6 20 8,1,930,,1725,2,4,,1,55,,1726,1,0,19 6 20 8,1
1242201,'c_71688_b_86022_d_32',1120,,1750,2,4,,1,298,,1738,2,4,,1,997,,1730,2,4,,1
1242201,'c_71688_b_86022_d_64',615,,1762,1,0,19 6 20 8,1,1225,,1773,2,4,,1,413,,1766,2,4,,1
1242201,'c_71979_b_87009_d_15',620,,602,1,0,19 6 20 8,1,915,,622,1,0,19 6 20 8,1
1242201,'c_71979_b_87009_d_16',620,,639,1,0,19 6 20 8,1,1130,,635,2,4,,1,50,,636,1,,,1,345,,647,2,4,,1
1242201,'c_71979_b_87009_d_32',1403,,660,2,4,,1,1012,,651,2,4,,1
1242201,'c_71979_b_87009_d_64',715,,683,1,0,19 6 20 8,1,740,,687,1,0,19 6 20 8,1,775,,689,2,4,,1
1242201,'c_71980_b_87010_d_15',1210,,705,2,4,,1,940,,708,2,4,,1
1242201,'c_71980_b_87010_d_16',1210,,729,2,4,,1,540,,716,2,4,,1,50,,717,1,,,1,345,,728,2,4,,1
1242201,'c_71980_b_87010_d_32',1403,,738,2,4,,1,1012,,731,2,4,,1
1242201,'c_71980_b_87010_d_64',1330,,756,2,4,,1,900,,760,2,4,,1
1242201,'c_71981_b_87011_d_15',620,,766,1,0,19 6 20 8,1,915,,781,1,0,19 6 20 8,1
1242201,'c_71981_b_87011_d_16',620,,806,1,0,19 6 20 8,1,1130,,799,2,4,,1,50,,800,1,,,1,345,,812,2,4,,1
1242201,'c_71981_b_87011_d_32',1403,,824,2,4,,1,1012,,815,2,4,,1
1242201,'c_71981_b_87011_d_64',715,,847,1,0,19 6 20 8,1,740,,851,1,0,19 6 20 8,1,775,,853,2,4,,1
