1242500,'c_21151_b_31125_d_127',700,,1774,2,4,,1,1105,,1775,2,4,,1
1242500,'c_71644_b_85821_d_123',1100,,1776,2,4,,1,1155,,1777,2,4,,1
1242500,'c_71644_b_85821_d_127',835,,1791,2,4,,1,75,,1793,2,4,,1,35,,1792,2,4,,1,75,,1794,2,4,,1,120,,1795,2,4,,1,75,,1778,2,4,,1,120,,1787,2,4,,1,75,,1779,2,4,,1,35,,1788,2,4,,1,75,,1780,2,4,,1,35,,1789,2,4,,1,75,,1781,2,4,,1,75,,1790,2,4,,1,40,,1782,2,4,,1,110,,1783,2,4,,1,150,,1784,2,4,,1,145,,1785,2,4,,1,205,,1786,2,4,,1
1242500,'c_71644_b_85821_d_31',610,,1796,2,4,,1
1242500,'c_71644_b_85821_d_63',720,,1797,2,4,,1,80,,1798,2,4,,1
1242501,'c_21151_b_31125_d_127',515,,1799,1,,,1,220,,1800,1,,,1,1080,,1801,1,,,1
1242501,'c_71644_b_85821_d_123',1755,,1802,1,,,1,545,,1803,1,,,1
1242501,'c_71644_b_85821_d_127',620,,1810,1,,,1,190,,1811,1,,,1,35,,1808,1,,,1,75,,1812,1,,,1,35,,1809,1,,,1,80,,1820,1,,,1,80,,1813,1,,,1,35,,1821,1,,,1,160,,1814,1,,,1,35,,1804,1,,,1,75,,1815,1,,,1,35,,1805,1,,,1,75,,1816,1,,,1,75,,1806,1,,,1,35,,1817,1,,,1,75,,1807,1,,,1,190,,1818,1,,,1,110,,1822,1,,,1,140,,1819,1,,,1
1242501,'c_71644_b_85821_d_31',515,,1823,1,,,1,190,,1824,1,,,1
1242501,'c_71644_b_85821_d_63',735,,1825,1,,,1
