1243400,'c_21151_b_31125_d_127',1030,,1081,2,4,,1,570,,1077,2,4,,1,30,,1109,2,4,,1,70,,2063,2,4,,1,100,,1090,2,4,,1,330,,1084,2,4,,1,420,,2060,2,4,,1,450,,1087,2,4,,1,100,,1078,2,4,,1,400,,1111,2,4,,1
1243400,'c_71702_b_86053_d_48',2500,,1117,2,4,,1
1243400,'c_71702_b_86053_d_79',2500,,1120,2,4,,1
1243400,'c_71867_b_86711_d_64',1600,,1124,2,4,,1
1243400,'c_72072_b_87187_d_64',1600,,2066,2,4,,1
1243401,'c_21151_b_31125_d_127',100,,1146,1,0,24,1,630,,2069,1,0,24,1,170,,1149,1,0,24,1,200,,1140,1,0,24,1,600,,2070,1,0,24,1,130,,1139,1,,,1,270,,1143,1,0,24,1
1243401,'c_71702_b_86053_d_121',730,,1177,1,0,21 21,1
1243401,'c_71702_b_86053_d_6',730,,1179,1,0,24,1
1243401,'c_71867_b_86711_d_16',1100,,1181,1,0,24,1
1243401,'c_72072_b_87187_d_16',1100,,2072,1,0,24,1
1244100,'c_21151_b_31125_d_127',700,,2080,2,4,,1,100,,2076,2,4,,1,700,,2075,2,4,,1,200,,2074,2,4,,1,500,,2077,2,4,,1,700,,2073,2,4,,1,100,,2082,2,4,,1,100,,2079,2,4,,1,100,,2078,2,4,,1
1244100,'c_72073_b_87188_d_127',1700,,2083,2,4,,1
1244101,'c_21151_b_31125_d_127',700,,2087,1,,,1,300,,2084,1,,,1,430,,2089,1,,,1,70,,2086,1,,,1,700,,2085,1,,,1,100,,2088,1,,,1
1244101,'c_72073_b_87188_d_65',2200,,2091,1,,,1
