1243200,'c_21151_b_31125_d_127',1015,,2028,1,,,1,105,,2027,1,0,35 6,1
1243200,'c_71644_b_85821_d_118',825,,2029,1,0,35 6,1
1243200,'c_71644_b_85821_d_125',1015,,2031,1,,,1,105,,2030,1,0,35 6,1
1243200,'c_71644_b_85821_d_127',1315,,2036,1,,,1,105,,2032,1,0,35 6,1,185,,2037,1,,,1,105,,2033,1,0,35 6,1,195,,2038,1,,,1,115,,2034,1,0,35 6,1,215,,2039,1,,,1
1243200,'c_71644_b_85821_d_63',710,,2040,1,,,1
1243200,'c_71644_b_85821_d_64',1112,,2042,1,,,1
1243200,'c_71644_b_85821_d_9',840,,2043,1,0,35 6,1
1243201,'c_21151_b_31125_d_127',1700,,2045,2,4,,1,155,,2044,2,4,,1
1243201,'c_71644_b_85821_d_118',1005,,2046,2,4,,1
1243201,'c_71644_b_85821_d_125',1700,,2047,2,4,,1,205,,2048,2,4,,1
1243201,'c_71644_b_85821_d_127',1110,,2050,2,4,,1,300,,2049,2,4,,1,600,,2051,2,4,,1,215,,2053,2,4,,1
1243201,'c_71644_b_85821_d_63',705,,2055,2,4,,1,110,,2054,2,4,,1,490,,2056,2,4,,1,250,,2057,2,4,,1
1243201,'c_71644_b_85821_d_64',730,,2058,2,4,,1
1243201,'c_71644_b_85821_d_9',1005,,2059,2,4,,1
