1242200,'c_21151_b_31125_d_127',915,,310,2,4,,1,528,,312,2,4,,1,192,,1555,2,4,,1,95,,1552,2,4,,1,175,,314,2,4,,1,145,,1557,2,4,,1,55,,1553,2,4,,1
1242200,'c_71688_b_86022_d_15',925,,1578,2,4,,1,925,,1579,2,4,,1
1242200,'c_71688_b_86022_d_16',925,,1601,2,4,,1,605,,1603,2,4,,1,325,,1604,2,4,,1,345,,1608,2,4,,1
1242200,'c_71688_b_86022_d_32',833,,1621,2,4,,1,387,,1622,2,4,,1,109,,1635,2,4,,1,416,,1624,2,4,,1
1242200,'c_71688_b_86022_d_64',915,,1647,2,4,,1,720,,1662,2,4,,1,95,,1656,2,4,,1,320,,1664,2,4,,1,55,,1649,2,4,,1
1242200,'c_71979_b_87009_d_15',915,,318,2,4,,1,935,,328,2,4,,1
1242200,'c_71979_b_87009_d_16',915,,355,2,4,,1,528,,357,2,4,,1,462,,359,2,4,,1
1242200,'c_71979_b_87009_d_32',813,,375,2,4,,1,399,,376,2,4,,1,533,,378,2,4,,1
1242200,'c_71979_b_87009_d_64',1010,,398,2,4,,1,1030,,401,2,4,,1
1242200,'c_71980_b_87010_d_15',915,,423,2,4,,1,935,,424,2,4,,1
1242200,'c_71980_b_87010_d_16',915,,441,2,4,,1,528,,442,2,4,,1,462,,444,2,4,,1
1242200,'c_71980_b_87010_d_32',813,,452,2,4,,1,399,,453,2,4,,1,533,,455,2,4,,1
1242200,'c_71980_b_87010_d_64',1010,,470,2,4,,1,610,,476,2,4,,1,420,,472,2,4,,1
1242200,'c_71981_b_87011_d_15',915,,499,2,4,,1,935,,500,2,4,,1
1242200,'c_71981_b_87011_d_16',915,,522,2,4,,1,528,,524,2,4,,1,462,,526,2,4,,1
1242200,'c_71981_b_87011_d_32',813,,539,2,4,,1,399,,540,2,4,,1,533,,542,2,4,,1
1242200,'c_71981_b_87011_d_64',1010,,562,2,4,,1,1030,,565,2,4,,1
1242201,'c_21151_b_31125_d_127',1310,,1675,1,0,19 6 20 8,1
1242201,'c_71688_b_86022_d_16',1920,,1723,1,0,19 6 20 8,1
1242201,'c_71688_b_86022_d_64',1310,,1772,1,0,19 6 20 8,1
