1243200,'c_21151_b_31125_d_127',1205,,2027,2,4,,1
1243200,'c_71644_b_85821_d_118',910,,2029,2,4,,1
1243200,'c_71644_b_85821_d_125',1210,,2030,2,4,,1
1243200,'c_71644_b_85821_d_127',1505,,2032,2,4,,1,295,,2033,2,4,,1,310,,2034,2,4,,1,5,,2035,1,,,1
1243200,'c_71644_b_85821_d_64',620,,2041,1,,,1
1243200,'c_71644_b_85821_d_9',920,,2043,2,4,,1
1243201,'c_21151_b_31125_d_127',1805,,2044,1,,,1
1243201,'c_71644_b_85821_d_118',915,,2046,1,,,1
1243201,'c_71644_b_85821_d_125',1805,,2048,1,,,1
1243201,'c_71644_b_85821_d_127',2345,,2052,2,4,,1
1243201,'c_71644_b_85821_d_63',620,,2055,1,,,1,595,,2056,1,,,1,300,,2057,1,,,1
1243201,'c_71644_b_85821_d_9',925,,2059,1,,,1
