1242500,'c_21151_b_31125_d_127',635,,1774,1,,,1,1105,,1775,1,,,1
1242500,'c_71644_b_85821_d_123',1035,,1776,1,,,1,1195,,1777,1,,,1
1242500,'c_71644_b_85821_d_127',810,,1791,1,,,1,35,,1793,1,,,1,75,,1792,1,,,1,35,,1794,1,,,1,160,,1795,1,,,1,35,,1778,1,,,1,160,,1787,1,,,1,35,,1779,1,,,1,75,,1788,1,,,1,35,,1780,1,,,1,75,,1789,1,,,1,75,,1781,1,,,1,35,,1790,1,,,1,80,,1782,1,,,1,110,,1783,1,,,1,110,,1784,1,,,1,185,,1785,1,,,1,205,,1786,1,,,1
1242500,'c_71644_b_85821_d_31',545,,1796,1,,,1
1242500,'c_71644_b_85821_d_63',655,,1797,1,,,1,80,,1798,1,,,1
1242501,'c_21151_b_31125_d_127',540,,1799,2,4,,1,260,,1800,2,4,,1,1040,,1801,2,4,,1
1242501,'c_71644_b_85821_d_123',1820,,1802,2,4,,1,505,,1803,2,4,,1
1242501,'c_71644_b_85821_d_127',645,,1810,2,4,,1,190,,1811,2,4,,1,75,,1808,2,4,,1,35,,1812,2,4,,1,75,,1809,2,4,,1,80,,1820,2,4,,1,40,,1813,2,4,,1,75,,1821,2,4,,1,120,,1814,2,4,,1,75,,1804,2,4,,1,35,,1815,2,4,,1,75,,1805,2,4,,1,35,,1816,2,4,,1,75,,1806,2,4,,1,75,,1817,2,4,,1,35,,1807,2,4,,1,190,,1818,2,4,,1,110,,1822,2,4,,1,180,,1819,2,4,,1
1242501,'c_71644_b_85821_d_31',540,,1823,2,4,,1,190,,1824,2,4,,1
1242501,'c_71644_b_85821_d_63',800,,1825,2,4,,1
