1242200,'c_21151_b_31125_d_127',500,,308,1,0,16 17 18 8,1,5,,306,1,0,5 6 7 8,1,310,,292,1,0,19 6 20 8,1,95,,299,1,0,16 17 18 8,1,100,,293,1,0,14 6 15 8,1,335,,294,1,0,19 6 20 8,1,55,,1547,1,0,16 17 18 8,1,10,,1541,1,0,19 6 20 8,1,100,,302,1,0,16 17 18 8,1,90,,295,1,0,19 6 20 8,1,115,,1549,1,0,19 6 20 8,1,100,,1544,1,0,19 6 20 8,1,105,,1550,1,0,14 6 15 8,1,5,,307,1,0,19 6 20 8,1,5,,304,1,0,5 6 7 8,1
1242200,'c_71688_b_86022_d_15',500,,1572,1,0,16 17 18 8,1,5,,1561,1,0,5 6 7 8,1,315,,1567,1,0,19 6 20 8,1,90,,1560,1,0,16 17 18 8,1,115,,1559,1,0,14 6 15 8,1,395,,1566,1,0,19 6 20 8,1,95,,1563,1,0,16 17 18 8,1,115,,1562,1,0,14 6 15 8,1,280,,1568,1,0,19 6 20 8,1,90,,1570,1,0,19 6 20 8,1
1242200,'c_71688_b_86022_d_16',500,,1599,1,0,16 17 18 8,1,5,,1598,1,0,5 6 7 8,1,315,,1583,1,0,19 6 20 8,1,90,,1590,1,0,16 17 18 8,1,115,,1584,1,0,14 6 15 8,1,390,,1585,1,0,19 6 20 8,1,100,,1593,1,0,16 17 18 8,1,100,,1586,1,0,14 6 15 8,1,225,,1587,1,0,19 6 20 8,1,90,,1596,1,0,14 6 15 8,1,105,,1588,1,0,19 6 20 8,1
1242200,'c_71688_b_86022_d_32',540,,1626,1,0,19 6 20 8,1,10,,1611,1,0,5 6 7 8,1,270,,1614,1,0,19 6 20 8,1,115,,1612,1,0,19 6 20 8,1,495,,1631,1,0,19 6 20 8,1,110,,1618,1,0,19 6 20 8,1,295,,1633,1,0,19 6 20 8,1,90,,1628,1,0,19 6 20 8,1
1242200,'c_71688_b_86022_d_64',515,,1657,1,0,5 6 7 8,1,15,,1659,1,0,16 17 18 8,1,310,,1658,1,0,19 6 20 8,1,65,,1651,1,0,16 17 18 8,1,495,,1653,1,0,16 17 18 8,1,10,,1637,1,0,19 6 20 8,1,305,,1654,1,0,19 6 20 8,1,100,,1640,1,0,19 6 20 8,1,105,,1644,1,0,14 6 15 8,1
1242200,'c_71979_b_87009_d_15',500,,336,1,0,16 17 18 8,1,5,,322,1,0,5 6 7 8,1,310,,331,1,0,19 6 20 8,1,95,,321,1,0,16 17 18 8,1,100,,319,1,0,14 6 15 8,1,410,,330,1,0,19 6 20 8,1,95,,324,1,0,16 17 18 8,1,115,,323,1,0,14 6 15 8,1,280,,332,1,0,19 6 20 8,1,90,,334,1,0,19 6 20 8,1
1242200,'c_71979_b_87009_d_16',500,,362,1,0,16 17 18 8,1,5,,360,1,0,5 6 7 8,1,310,,340,1,0,19 6 20 8,1,95,,347,1,0,16 17 18 8,1,100,,341,1,0,14 6 15 8,1,335,,342,1,0,19 6 20 8,1,165,,350,1,0,16 17 18 8,1,90,,343,1,0,19 6 20 8,1,325,,361,1,0,19 6 20 8,1,5,,352,1,0,5 6 7 8,1
1242200,'c_71979_b_87009_d_32',540,,380,1,0,19 6 20 8,1,10,,365,1,0,5 6 7 8,1,265,,368,1,0,19 6 20 8,1,120,,366,1,0,19 6 20 8,1,495,,385,1,0,19 6 20 8,1,110,,372,1,0,19 6 20 8,1,295,,387,1,0,19 6 20 8,1,90,,382,1,0,19 6 20 8,1
1242200,'c_71979_b_87009_d_64',625,,407,1,0,5 6 7 8,1,310,,388,1,0,19 6 20 8,1,485,,404,1,0,19 6 20 8,1,20,,389,1,0,14 6 15 8,1,170,,393,1,0,16 17 18 8,1,225,,391,1,0,14 6 15 8,1,90,,394,1,0,19 6 20 8,1
1242200,'c_71980_b_87010_d_15',500,,419,1,0,16 17 18 8,1,5,,412,1,0,5 6 7 8,1,405,,411,1,0,16 17 18 8,1,100,,410,1,0,14 6 15 8,1,505,,414,1,0,16 17 18 8,1,115,,413,1,0,14 6 15 8,1,280,,417,1,0,5 6 7 8,1,90,,418,1,0,14 6 15 8,1
1242200,'c_71980_b_87010_d_16',500,,438,1,0,16 17 18 8,1,5,,436,1,0,5 6 7 8,1,405,,430,1,0,16 17 18 8,1,100,,427,1,0,14 6 15 8,1,500,,433,1,0,16 17 18 8,1,115,,428,1,0,14 6 15 8,1,300,,437,1,0,14 6 15 8,1,5,,435,1,0,5 6 7 8,1
1242200,'c_71980_b_87010_d_32',540,,457,1,0,14 6 15 8,1,10,,446,1,0,5 6 7 8,1,265,,448,1,0,16 17 18 8,1,140,,447,1,0,14 6 15 8,1,475,,460,1,0,14 6 15 8,1,110,,450,1,0,14 6 15 8,1,295,,461,1,0,14 6 15 8,1,90,,458,1,0,16 17 18 8,1
1242200,'c_71980_b_87010_d_64',625,,477,1,0,5 6 7 8,1,310,,462,1,0,5 6 7 8,1,505,,463,1,0,14 6 15 8,1,170,,467,1,0,16 17 18 8,1,225,,465,1,0,14 6 15 8,1,90,,468,1,0,16 17 18 8,1
1242200,'c_71981_b_87011_d_15',500,,493,1,0,16 17 18 8,1,5,,482,1,0,5 6 7 8,1,310,,488,1,0,19 6 20 8,1,95,,481,1,0,16 17 18 8,1,100,,480,1,0,14 6 15 8,1,410,,487,1,0,19 6 20 8,1,95,,484,1,0,16 17 18 8,1,115,,483,1,0,14 6 15 8,1,280,,489,1,0,19 6 20 8,1,90,,491,1,0,19 6 20 8,1
1242200,'c_71981_b_87011_d_16',500,,520,1,0,16 17 18 8,1,5,,518,1,0,5 6 7 8,1,310,,504,1,0,19 6 20 8,1,95,,511,1,0,16 17 18 8,1,100,,505,1,0,14 6 15 8,1,335,,506,1,0,19 6 20 8,1,165,,514,1,0,16 17 18 8,1,90,,507,1,0,19 6 20 8,1,325,,519,1,0,19 6 20 8,1,5,,516,1,0,5 6 7 8,1
1242200,'c_71981_b_87011_d_32',540,,544,1,0,19 6 20 8,1,10,,529,1,0,5 6 7 8,1,265,,532,1,0,19 6 20 8,1,120,,530,1,0,19 6 20 8,1,495,,549,1,0,19 6 20 8,1,110,,536,1,0,19 6 20 8,1,295,,551,1,0,19 6 20 8,1,90,,546,1,0,19 6 20 8,1
1242200,'c_71981_b_87011_d_64',625,,571,1,0,5 6 7 8,1,310,,552,1,0,19 6 20 8,1,485,,568,1,0,19 6 20 8,1,20,,553,1,0,14 6 15 8,1,170,,557,1,0,16 17 18 8,1,225,,555,1,0,14 6 15 8,1,90,,558,1,0,19 6 20 8,1
1242201,'c_21151_b_31125_d_127',755,,589,2,4,,1,65,,581,2,4,,1,132,,572,2,4,,1,278,,574,2,4,,1,90,,583,2,4,,1,205,,575,2,4,,1,131,,1669,2,4,,1,96,,1666,2,4,,1,103,,577,2,4,,1,2,,1670,2,4,,1,53,,585,2,4,,1,248,,1668,2,4,,1,56,,1672,2,4,,1,16,,579,2,4,,1,75,,587,2,4,,1
1242201,'c_71688_b_86022_d_15',800,,1687,2,4,,1,27,,1691,2,4,,1,180,,1681,2,4,,1,300,,1685,2,4,,1,28,,1679,2,4,,1,265,,1682,2,4,,1,243,,1686,2,4,,1,104,,1700,2,4,,1,258,,1677,2,4,,1,110,,1689,2,4,,1
1242201,'c_71688_b_86022_d_16',800,,1716,2,4,,1,27,,1709,2,4,,1,180,,1701,2,4,,1,300,,1703,2,4,,1,28,,1711,2,4,,1,217,,1704,2,4,,1,268,,1705,2,4,,1,85,,1712,2,4,,1,107,,1717,2,4,,1,193,,1707,2,4,,1,25,,1714,2,4,,1
1242201,'c_71688_b_86022_d_32',800,,1743,2,4,,1,112,,1732,2,4,,1,401,,1735,2,4,,1,4,,1733,2,4,,1,500,,1748,2,4,,1,88,,1745,2,4,,1,245,,1729,2,4,,1,65,,1736,2,4,,1
1242201,'c_71688_b_86022_d_64',817,,1768,2,4,,1,28,,1771,2,4,,1,386,,1764,2,4,,1,425,,1755,2,4,,1,96,,1753,2,4,,1,105,,1756,2,4,,1,301,,1754,2,4,,1,56,,1758,2,4,,1
1242201,'c_71979_b_87009_d_15',755,,614,2,4,,1,65,,618,2,4,,1,132,,603,2,4,,1,278,,612,2,4,,1,90,,601,2,4,,1,280,,605,2,4,,1,243,,613,2,4,,1,104,,607,2,4,,1,258,,599,2,4,,1,110,,616,2,4,,1
1242201,'c_71979_b_87009_d_16',755,,645,2,4,,1,65,,632,2,4,,1,132,,623,2,4,,1,278,,625,2,4,,1,90,,634,2,4,,1,205,,626,2,4,,1,330,,628,2,4,,1,55,,636,2,4,,1,320,,630,2,4,,1,75,,638,2,4,,1
1242201,'c_71979_b_87009_d_32',755,,665,2,4,,1,157,,653,2,4,,1,388,,656,2,4,,1,10,,654,2,4,,1,507,,670,2,4,,1,88,,667,2,4,,1,245,,650,2,4,,1,65,,657,2,4,,1
1242201,'c_71979_b_87009_d_64',925,,692,2,4,,1,392,,685,2,4,,1,233,,677,2,4,,1,267,,674,2,4,,1,93,,678,2,4,,1,242,,676,2,4,,1,53,,679,2,4,,1
1242201,'c_71980_b_87010_d_15',755,,702,2,4,,1,455,,709,2,4,,1,110,,695,2,4,,1,523,,698,2,4,,1,87,,696,2,4,,1,275,,693,2,4,,1,110,,701,2,4,,1
1242201,'c_71980_b_87010_d_16',755,,721,2,4,,1,455,,710,2,4,,1,110,,715,2,4,,1,515,,711,2,4,,1,75,,717,2,4,,1,320,,712,2,4,,1,75,,719,2,4,,1
1242201,'c_71980_b_87010_d_32',755,,743,2,4,,1,85,,732,2,4,,1,410,,742,2,4,,1,50,,734,2,4,,1,500,,747,2,4,,1,105,,745,2,4,,1,245,,730,2,4,,1,65,,735,2,4,,1
1242201,'c_71980_b_87010_d_64',910,,762,2,4,,1,340,,748,2,4,,1,500,,750,2,4,,1,160,,752,2,4,,1,220,,751,2,4,,1,75,,753,2,4,,1
1242201,'c_71981_b_87011_d_15',755,,773,2,4,,1,65,,777,2,4,,1,132,,767,2,4,,1,278,,771,2,4,,1,90,,765,2,4,,1,280,,768,2,4,,1,243,,772,2,4,,1,104,,786,2,4,,1,258,,763,2,4,,1,110,,775,2,4,,1
1242201,'c_71981_b_87011_d_16',755,,804,2,4,,1,65,,796,2,4,,1,132,,787,2,4,,1,278,,789,2,4,,1,90,,798,2,4,,1,205,,790,2,4,,1,330,,792,2,4,,1,55,,800,2,4,,1,320,,794,2,4,,1,75,,802,2,4,,1
1242201,'c_71981_b_87011_d_32',755,,829,2,4,,1,157,,817,2,4,,1,388,,820,2,4,,1,10,,818,2,4,,1,507,,834,2,4,,1,88,,831,2,4,,1,245,,814,2,4,,1,65,,821,2,4,,1
1242201,'c_71981_b_87011_d_64',925,,856,2,4,,1,392,,849,2,4,,1,233,,841,2,4,,1,267,,838,2,4,,1,93,,842,2,4,,1,242,,840,2,4,,1,53,,843,2,4,,1
