1244200,'c_21151_b_31125_d_127',1430,,2093,1,,,1,500,,2092,1,,,1
1244200,'c_72075_b_87191_d_119',900,,2094,1,,,1,330,,2095,1,,,1
1244200,'c_72075_b_87191_d_127',700,,2105,1,,,1,100,,2096,1,,,1,230,,2097,1,,,1,100,,2098,1,,,1,200,,2099,1,,,1,200,,2100,1,,,1,100,,2101,1,,,1,100,,2102,1,,,1,170,,2104,1,,,1,300,,2103,1,,,1
1244200,'c_72075_b_87191_d_4',850,,2106,1,,,1
1244200,'c_72075_b_87191_d_8',930,,2107,1,,,1,1170,,2108,1,,,1
1244201,'c_21151_b_31125_d_127',1520,,2110,2,4,,1,500,,2109,2,4,,1
1244201,'c_72075_b_87191_d_115',950,,2111,2,4,,1
1244201,'c_72075_b_87191_d_119',1320,,2112,2,4,,1
1244201,'c_72075_b_87191_d_12',1020,,2113,2,4,,1
1244201,'c_72075_b_87191_d_127',750,,2123,2,4,,1,100,,2115,2,4,,1,270,,2116,2,4,,1,100,,2117,2,4,,1,200,,2118,2,4,,1,200,,2119,2,4,,1,100,,2120,2,4,,1,130,,2114,2,4,,1,100,,2121,2,4,,1,300,,2122,2,4,,1
1244201,'c_72075_b_87191_d_8',2150,,2124,2,4,,1
