1242700,'c_72066_b_87182_d_127',900,,1901,1,,,1,200,,1902,1,,,1,200,,1903,1,,,1,200,,1904,1,,,1,200,,1905,1,,,1,200,,1906,1,,,1,200,,1907,1,,,1
1242700,'c_72066_b_87182_d_63',700,,1908,1,,,1
1242700,'c_72067_b_87183_d_112',2030,,1909,1,,,1,170,,1910,1,,,1
1242700,'c_72067_b_87183_d_127',835,,1911,1,,,1,185,,1912,1,,,1,180,,1913,1,,,1,145,,1914,1,,,1,185,,1915,1,,,1,180,,1916,1,,,1,145,,1917,1,,,1
1242700,'c_72067_b_87183_d_15',2100,,1918,1,,,1
1242700,'c_72067_b_87183_d_63',650,,1919,1,,,1
1242701,'c_72066_b_87182_d_127',650,,1926,2,4,,1,375,,1925,2,4,,1,200,,1921,2,4,,1,200,,1922,2,4,,1,200,,1923,2,4,,1,200,,1924,2,4,,1,200,,1920,2,4,,1
1242701,'c_72066_b_87182_d_63',825,,1927,2,4,,1
1242701,'c_72067_b_87183_d_112',2150,,1928,2,4,,1
1242701,'c_72067_b_87183_d_127',635,,1935,2,4,,1,365,,1934,2,4,,1,145,,1930,2,4,,1,180,,1931,2,4,,1,185,,1932,2,4,,1,145,,1933,2,4,,1,180,,1929,2,4,,1,180,,1936,2,4,,1
1242701,'c_72067_b_87183_d_63',815,,1937,2,4,,1
1244300,'c_21151_b_31125_d_127',600,,2125,1,,,1,200,,1192,1,,,1,200,,1191,1,,,1,400,,2126,1,,,1,200,,1193,1,,,1,200,,1188,1,,,1,200,,1189,1,,,1,200,,1190,1,,,1
1244300,'c_71707_b_86112_d_121',800,,1211,1,,,1
1244300,'c_71707_b_86112_d_127',700,,1219,1,,,1,200,,1212,1,,,1,200,,1213,1,,,1,100,,1220,1,,,1,100,,1214,1,,,1,200,,1215,1,,,1,200,,1216,1,,,1,200,,1217,1,,,1,200,,1218,1,,,1
1244300,'c_71707_b_86112_d_80',1400,,1222,1,,,1,400,,1221,1,,,1
1244300,'c_71707_b_86112_d_95',1600,,1223,1,,,1
1244300,'c_72047_b_87163_d_121',800,,2127,1,,,1
1244300,'c_72047_b_87163_d_127',700,,2135,1,,,1,200,,2128,1,,,1,100,,2139,1,,,1,100,,2129,1,,,1,100,,2136,1,,,1,100,,2130,1,,,1,100,,2140,1,,,1,100,,2131,1,,,1,100,,2138,1,,,1,100,,2132,1,,,1,100,,2137,1,,,1,100,,2133,1,,,1,200,,2134,1,,,1
1244300,'c_72047_b_87163_d_63',600,,2141,1,,,1
1244300,'c_72047_b_87163_d_64',2200,,2142,1,,,1
1244300,'c_72048_b_87164_d_127',700,,2150,1,,,1,100,,2151,1,,,1,100,,2143,1,,,1,200,,2144,1,,,1,100,,2152,1,,,1,100,,2145,1,,,1,200,,2146,1,,,1,200,,2147,1,,,1,200,,2148,1,,,1,200,,2149,1,,,1
1244300,'c_72048_b_87164_d_88',1600,,2153,1,,,1
1244300,'c_72050_b_87166_d_127',700,,2161,1,,,1,200,,2154,1,,,1,200,,2155,1,,,1,100,,2162,1,,,1,100,,2156,1,,,1,200,,2157,1,,,1,200,,2158,1,,,1,200,,2159,1,,,1,200,,2160,1,,,1
1244300,'c_72050_b_87166_d_48',800,,2163,1,,,1
1244300,'c_72050_b_87166_d_88',1600,,2164,1,,,1
1244300,'c_72056_b_87172_d_127',700,,2172,1,,,1,200,,2165,1,,,1,200,,2166,1,,,1,100,,2173,1,,,1,100,,2167,1,,,1,200,,2168,1,,,1,200,,2169,1,,,1,200,,2170,1,,,1,200,,2171,1,,,1
1244300,'c_72056_b_87172_d_48',800,,2174,1,,,1
1244300,'c_72056_b_87172_d_88',1600,,2175,1,,,1
1244300,'c_72057_b_87173_d_127',700,,2183,1,,,1,200,,2176,1,,,1,200,,2177,1,,,1,100,,2184,1,,,1,100,,2178,1,,,1,200,,2179,1,,,1,200,,2180,1,,,1,200,,2181,1,,,1,200,,2182,1,,,1
1244300,'c_72057_b_87173_d_48',800,,2185,1,,,1
1244300,'c_72057_b_87173_d_88',1600,,2186,1,,,1
1244300,'c_72058_b_87174_d_127',700,,2194,1,,,1,200,,2187,1,,,1,200,,2188,1,,,1,100,,2195,1,,,1,100,,2189,1,,,1,200,,2190,1,,,1,200,,2191,1,,,1,200,,2192,1,,,1,200,,2193,1,,,1
1244300,'c_72058_b_87174_d_48',800,,2196,1,,,1
1244300,'c_72058_b_87174_d_88',1600,,2197,1,,,1
1244300,'c_72060_b_87176_d_127',700,,2205,1,,,1,200,,2198,1,,,1,200,,2199,1,,,1,100,,2206,1,,,1,100,,2200,1,,,1,200,,2201,1,,,1,200,,2202,1,,,1,200,,2203,1,,,1,200,,2204,1,,,1
1244300,'c_72060_b_87176_d_48',800,,2207,1,,,1
1244300,'c_72060_b_87176_d_88',1600,,2208,1,,,1
1244301,'c_21151_b_31125_d_127',735,,1230,2,4,,1,200,,1226,2,4,,1,200,,1227,2,4,,1,200,,1224,2,4,,1,400,,1225,2,4,,1,200,,1232,2,4,,1,200,,1228,2,4,,1,200,,1229,2,4,,1
1244301,'c_71707_b_86112_d_127',835,,1252,2,4,,1,200,,1250,2,4,,1,200,,1253,2,4,,1,200,,1254,2,4,,1,100,,1258,2,4,,1,100,,1255,2,4,,1,200,,1256,2,4,,1,200,,1257,2,4,,1,200,,1251,2,4,,1
1244301,'c_71707_b_86112_d_57',1135,,1259,2,4,,1
1244301,'c_71707_b_86112_d_80',1335,,1260,2,4,,1,400,,1261,2,4,,1
1244301,'c_71707_b_86112_d_95',1935,,1262,2,4,,1
1244301,'c_72047_b_87163_d_127',835,,2211,2,4,,1,100,,2220,2,4,,1,100,,2209,2,4,,1,100,,2218,2,4,,1,100,,2212,2,4,,1,100,,2219,2,4,,1,100,,2213,2,4,,1,100,,2217,2,4,,1,100,,2214,2,4,,1,100,,2222,2,4,,1,100,,2215,2,4,,1,200,,2216,2,4,,1,100,,2221,2,4,,1,100,,2210,2,4,,1
1244301,'c_72047_b_87163_d_57',735,,2223,2,4,,1
1244301,'c_72047_b_87163_d_64',2335,,2224,2,4,,1
1244301,'c_72047_b_87163_d_81',1935,,2225,2,4,,1
1244301,'c_72048_b_87164_d_127',835,,2228,2,4,,1,200,,2226,2,4,,1,100,,2235,2,4,,1,100,,2229,2,4,,1,200,,2230,2,4,,1,100,,2234,2,4,,1,100,,2231,2,4,,1,200,,2232,2,4,,1,200,,2233,2,4,,1,200,,2227,2,4,,1
1244301,'c_72048_b_87164_d_88',1935,,2236,2,4,,1
1244301,'c_72050_b_87166_d_127',835,,2239,2,4,,1,200,,2237,2,4,,1,100,,2245,2,4,,1,100,,2240,2,4,,1,200,,2241,2,4,,1,100,,2246,2,4,,1,100,,2242,2,4,,1,200,,2243,2,4,,1,200,,2244,2,4,,1,200,,2238,2,4,,1
1244301,'c_72050_b_87166_d_88',1935,,2247,2,4,,1
1244301,'c_72056_b_87172_d_127',835,,2250,2,4,,1,200,,2248,2,4,,1,100,,2256,2,4,,1,100,,2251,2,4,,1,200,,2252,2,4,,1,100,,2257,2,4,,1,100,,2253,2,4,,1,200,,2254,2,4,,1,200,,2255,2,4,,1,200,,2249,2,4,,1
1244301,'c_72056_b_87172_d_88',1935,,2258,2,4,,1
1244301,'c_72057_b_87173_d_127',835,,2261,2,4,,1,200,,2259,2,4,,1,100,,2267,2,4,,1,100,,2262,2,4,,1,200,,2263,2,4,,1,100,,2268,2,4,,1,100,,2264,2,4,,1,200,,2265,2,4,,1,200,,2266,2,4,,1,200,,2260,2,4,,1
1244301,'c_72057_b_87173_d_88',1935,,2269,2,4,,1
1244301,'c_72058_b_87174_d_127',835,,2272,2,4,,1,200,,2270,2,4,,1,100,,2278,2,4,,1,100,,2273,2,4,,1,200,,2274,2,4,,1,100,,2279,2,4,,1,100,,2275,2,4,,1,200,,2276,2,4,,1,200,,2277,2,4,,1,200,,2271,2,4,,1
1244301,'c_72058_b_87174_d_88',1935,,2280,2,4,,1
1244301,'c_72060_b_87176_d_127',835,,2283,2,4,,1,200,,2281,2,4,,1,100,,2289,2,4,,1,100,,2284,2,4,,1,200,,2285,2,4,,1,100,,2290,2,4,,1,100,,2286,2,4,,1,200,,2287,2,4,,1,200,,2288,2,4,,1,200,,2282,2,4,,1
1244301,'c_72060_b_87176_d_88',1935,,2291,2,4,,1
