1242800,'c_71688_b_86022_d_111',2130,,883,1,,,1
1242800,'c_71688_b_86022_d_127',700,,896,1,,,1,40,,895,1,,,1,160,,891,1,,,1,100,,885,1,,,1,100,,886,1,,,1,110,,897,1,,,1,95,,890,1,,,1,95,,887,1,,,1,100,,888,1,,,1,100,,892,1,,,1,100,,889,1,,,1,100,,884,1,,,1,100,,893,1,,,1,130,,894,1,,,1
1242800,'c_71688_b_86022_d_16',2200,,898,1,,,1,100,,899,1,,,1
1242800,'c_71688_b_86022_d_55',820,,900,1,,,1
1242800,'c_71689_b_86023_d_127',700,,914,1,,,1,40,,913,1,,,1,160,,908,1,,,1,100,,902,1,,,1,100,,903,1,,,1,110,,915,1,,,1,95,,907,1,,,1,95,,904,1,,,1,100,,905,1,,,1,100,,909,1,,,1,100,,906,1,,,1,100,,901,1,,,1,100,,911,1,,,1,130,,912,1,,,1,100,,910,1,,,1
1242800,'c_71689_b_86023_d_55',820,,916,1,,,1
1242801,'c_71688_b_86022_d_111',2120,,943,2,4,,1
1242801,'c_71688_b_86022_d_119',1550,,944,2,4,,1
1242801,'c_71688_b_86022_d_127',650,,955,2,4,,1,80,,956,2,4,,1,80,,948,2,4,,1,140,,946,2,4,,1,100,,947,2,4,,1,150,,957,2,4,,1,55,,945,2,4,,1,95,,949,2,4,,1,100,,950,2,4,,1,200,,951,2,4,,1,100,,952,2,4,,1,100,,953,2,4,,1,160,,954,2,4,,1
1242801,'c_71688_b_86022_d_16',2150,,958,2,4,,1,100,,959,2,4,,1
1242801,'c_71688_b_86022_d_63',850,,960,2,4,,1
1242801,'c_71689_b_86023_d_119',1550,,961,2,4,,1
1242801,'c_71689_b_86023_d_127',650,,972,2,4,,1,80,,973,2,4,,1,80,,965,2,4,,1,140,,963,2,4,,1,100,,964,2,4,,1,150,,974,2,4,,1,55,,962,2,4,,1,95,,966,2,4,,1,100,,967,2,4,,1,200,,968,2,4,,1,100,,969,2,4,,1,100,,970,2,4,,1,160,,971,2,4,,1,110,,975,2,4,,1
1242801,'c_71689_b_86023_d_63',850,,976,2,4,,1
