1242900,'c_71688_b_86022_d_119',1040,,992,1,,,1
1242900,'c_71688_b_86022_d_127',940,,993,1,,,1,210,,1001,1,,,1,95,,994,1,,,1,100,,997,1,,,1,95,,998,1,,,1,100,,999,1,,,1,100,,995,1,,,1,100,,996,1,,,1,95,,1000,1,,,1
1242900,'c_71688_b_86022_d_16',1940,,1004,1,,,1,175,,1002,1,,,1,120,,1003,1,,,1
1242900,'c_71688_b_86022_d_31',745,,1005,1,,,1
1242900,'c_71688_b_86022_d_63',820,,1006,1,,,1
1242900,'c_71689_b_86023_d_119',1040,,1007,1,,,1
1242900,'c_71689_b_86023_d_127',940,,1008,1,,,1,210,,1016,1,,,1,95,,1009,1,,,1,100,,1012,1,,,1,95,,1013,1,,,1,100,,1014,1,,,1,100,,1010,1,,,1,100,,1011,1,,,1,95,,1015,1,,,1
1242900,'c_71689_b_86023_d_16',1935,,1019,1,,,1,175,,1017,1,,,1,95,,1018,1,,,1
1242900,'c_71689_b_86023_d_31',745,,1020,1,,,1
1242900,'c_71689_b_86023_d_63',820,,1021,1,,,1
1242901,'c_71688_b_86022_d_119',1510,,1037,2,4,,1
1242901,'c_71688_b_86022_d_127',910,,1038,2,4,,1,100,,1039,2,4,,1,100,,1040,2,4,,1,110,,1046,2,4,,1,90,,1041,2,4,,1,100,,1042,2,4,,1,200,,1043,2,4,,1,100,,1044,2,4,,1,100,,1045,2,4,,1
1242901,'c_71688_b_86022_d_16',1925,,1048,2,4,,1,185,,1047,2,4,,1,100,,1049,2,4,,1
1242901,'c_71688_b_86022_d_31',740,,1050,2,4,,1
1242901,'c_71688_b_86022_d_63',810,,1051,2,4,,1
1242901,'c_71689_b_86023_d_119',1510,,1052,2,4,,1
1242901,'c_71689_b_86023_d_127',910,,1053,2,4,,1,100,,1054,2,4,,1,100,,1055,2,4,,1,110,,1061,2,4,,1,90,,1056,2,4,,1,100,,1057,2,4,,1,200,,1058,2,4,,1,100,,1059,2,4,,1,100,,1060,2,4,,1
1242901,'c_71689_b_86023_d_16',1910,,1063,2,4,,1,135,,1062,2,4,,1,95,,1064,2,4,,1
1242901,'c_71689_b_86023_d_31',740,,1065,2,4,,1
1242901,'c_71689_b_86023_d_63',810,,1066,2,4,,1
