1239300,'c_21151_b_31125_d_127',715,,1,2,4,,1,230,,2,2,4,,1,155,,3,2,4,,1,500,,4,2,4,,1
1239300,'c_71688_b_86022_d_127',1445,,5,2,4,,1,270,,6,2,4,,1
1239300,'c_71688_b_86022_d_32',1955,,7,2,4,,1
1239300,'c_71688_b_86022_d_63',715,,8,2,4,,1,230,,9,2,4,,1,270,,10,2,4,,1
1239300,'c_71688_b_86022_d_64',1215,,11,2,4,,1
1239300,'c_71688_b_86022_d_95',1600,,13,2,4,,1,345,,12,2,4,,1,155,,14,2,4,,1,115,,15,2,4,,1,230,,16,2,4,,1
1239300,'c_71689_b_86023_d_127',1445,,17,2,4,,1,270,,18,2,4,,1
1239300,'c_71689_b_86023_d_32',1955,,19,2,4,,1
1239300,'c_71689_b_86023_d_63',715,,20,2,4,,1,230,,21,2,4,,1,270,,22,2,4,,1
1239300,'c_71689_b_86023_d_64',1215,,23,2,4,,1
1239300,'c_71689_b_86023_d_95',1945,,24,2,4,,1,270,,26,2,4,,1,230,,25,2,4,,1
1239301,'c_21151_b_31125_d_127',515,,27,1,,,1,230,,28,1,,,1,385,,29,1,,,1,500,,30,1,,,1
1239301,'c_71688_b_86022_d_127',1245,,31,1,,,1,270,,32,1,,,1
1239301,'c_71688_b_86022_d_32',1745,,33,1,,,1
1239301,'c_71688_b_86022_d_63',515,,34,1,,,1,230,,35,1,,,1,270,,36,1,,,1
1239301,'c_71688_b_86022_d_64',1005,,37,1,,,1
1239301,'c_71688_b_86022_d_95',1630,,38,1,,,1,115,,39,1,,,1,270,,40,1,,,1,115,,42,1,,,1,115,,41,1,,,1
1239301,'c_71689_b_86023_d_127',1245,,43,1,,,1,270,,44,1,,,1
1239301,'c_71689_b_86023_d_32',1745,,45,1,,,1
1239301,'c_71689_b_86023_d_63',515,,46,1,,,1,230,,47,1,,,1,270,,48,1,,,1
1239301,'c_71689_b_86023_d_64',1005,,49,1,,,1
1239301,'c_71689_b_86023_d_95',1745,,51,1,,,1,270,,50,1,,,1,230,,52,1,,,1
1242200,'c_71688_b_86022_d_16',1815,,1606,2,4,,1
1242200,'c_71979_b_87009_d_64',1710,,406,2,4,,1
1242200,'c_71981_b_87011_d_64',1710,,570,2,4,,1
1242201,'c_21151_b_31125_d_127',955,,592,1,0,5 6 7 8,1,565,,594,1,0,5 6 7 8,1,195,,1676,1,0,9 10 11 12 13,1,105,,1673,1,0,14 6 15 8,1,110,,596,1,0,5 6 7 8,1,200,,1674,1,0,9 10 11 12 13,1
1242201,'c_71688_b_86022_d_15',1025,,1692,1,0,5 6 7 8,1,905,,1696,1,0,5 6 7 8,1
1242201,'c_71688_b_86022_d_16',1025,,1719,1,0,5 6 7 8,1,400,,1725,1,0,9 10 11 12 13,1,180,,1721,1,0,5 6 7 8,1,240,,1727,1,0,5 6 7 8,1
1242201,'c_71688_b_86022_d_32',915,,1737,1,0,14 6 15 8,1,15,,1749,1,0,5 6 7 8,1,320,,1738,1,0,9 10 11 12 13,1,950,,1739,1,0,5 6 7 8,1
1242201,'c_71688_b_86022_d_64',955,,1759,1,0,5 6 7 8,1,760,,1773,1,0,9 10 11 12 13,1,105,,1765,1,0,14 6 15 8,1,310,,1766,1,0,9 10 11 12 13,1
1242201,'c_71979_b_87009_d_15',955,,619,1,0,5 6 7 8,1,975,,608,1,0,5 6 7 8,1
1242201,'c_71979_b_87009_d_16',955,,640,1,0,5 6 7 8,1,565,,642,1,0,5 6 7 8,1,410,,646,1,0,5 6 7 8,1
1242201,'c_71979_b_87009_d_32',855,,658,1,0,5 6 7 8,1,385,,660,1,0,9 10 11 12 13,1,960,,661,1,0,5 6 7 8,1
1242201,'c_71979_b_87009_d_64',1110,,680,1,0,5 6 7 8,1,630,,688,1,0,14 6 15 8,1,365,,689,1,0,9 10 11 12 13,1
1242201,'c_71980_b_87010_d_15',955,,703,1,0,5 6 7 8,1,975,,706,1,0,5 6 7 8,1
1242201,'c_71980_b_87010_d_16',955,,723,1,0,5 6 7 8,1,565,,725,1,0,5 6 7 8,1,410,,727,1,0,5 6 7 8,1
1242201,'c_71980_b_87010_d_32',855,,736,1,0,5 6 7 8,1,385,,738,1,0,9 10 11 12 13,1,960,,739,1,0,5 6 7 8,1
1242201,'c_71980_b_87010_d_64',1110,,754,1,0,5 6 7 8,1,630,,759,1,0,14 6 15 8,1,365,,760,1,0,9 10 11 12 13,1
1242201,'c_71981_b_87011_d_15',955,,778,1,0,5 6 7 8,1,975,,782,1,0,5 6 7 8,1
1242201,'c_71981_b_87011_d_16',955,,807,1,0,5 6 7 8,1,565,,809,1,0,5 6 7 8,1,410,,811,1,0,5 6 7 8,1
1242201,'c_71981_b_87011_d_32',855,,822,1,0,5 6 7 8,1,385,,824,1,0,9 10 11 12 13,1,960,,825,1,0,5 6 7 8,1
1242201,'c_71981_b_87011_d_64',1110,,844,1,0,5 6 7 8,1,630,,852,1,0,14 6 15 8,1,365,,853,1,0,9 10 11 12 13,1
1244300,'c_21151_b_31125_d_127',735,,2125,2,4,,1,200,,1192,2,4,,1,200,,1191,2,4,,1,400,,2126,2,4,,1,200,,1193,2,4,,1,200,,1188,2,4,,1,200,,1189,2,4,,1,200,,1190,2,4,,1
1244300,'c_71707_b_86112_d_121',935,,1211,2,4,,1
1244300,'c_71707_b_86112_d_127',835,,1219,2,4,,1,200,,1212,2,4,,1,200,,1213,2,4,,1,100,,1220,2,4,,1,100,,1214,2,4,,1,200,,1215,2,4,,1,200,,1216,2,4,,1,200,,1217,2,4,,1,200,,1218,2,4,,1
1244300,'c_71707_b_86112_d_80',1535,,1222,2,4,,1,400,,1221,2,4,,1
1244300,'c_71707_b_86112_d_95',1735,,1223,2,4,,1
1244300,'c_72047_b_87163_d_121',935,,2127,2,4,,1
1244300,'c_72047_b_87163_d_127',835,,2135,2,4,,1,200,,2128,2,4,,1,100,,2139,2,4,,1,100,,2129,2,4,,1,100,,2136,2,4,,1,100,,2130,2,4,,1,100,,2140,2,4,,1,100,,2131,2,4,,1,100,,2138,2,4,,1,100,,2132,2,4,,1,100,,2137,2,4,,1,100,,2133,2,4,,1,200,,2134,2,4,,1
1244300,'c_72047_b_87163_d_63',735,,2141,2,4,,1
1244300,'c_72047_b_87163_d_64',2335,,2142,2,4,,1
1244300,'c_72048_b_87164_d_127',835,,2150,2,4,,1,100,,2151,2,4,,1,100,,2143,2,4,,1,200,,2144,2,4,,1,100,,2152,2,4,,1,100,,2145,2,4,,1,200,,2146,2,4,,1,200,,2147,2,4,,1,200,,2148,2,4,,1,200,,2149,2,4,,1
1244300,'c_72048_b_87164_d_88',1735,,2153,2,4,,1
1244300,'c_72050_b_87166_d_127',835,,2161,2,4,,1,200,,2154,2,4,,1,200,,2155,2,4,,1,100,,2162,2,4,,1,100,,2156,2,4,,1,200,,2157,2,4,,1,200,,2158,2,4,,1,200,,2159,2,4,,1,200,,2160,2,4,,1
1244300,'c_72050_b_87166_d_48',935,,2163,2,4,,1
1244300,'c_72050_b_87166_d_88',1735,,2164,2,4,,1
1244300,'c_72056_b_87172_d_127',835,,2172,2,4,,1,200,,2165,2,4,,1,200,,2166,2,4,,1,100,,2173,2,4,,1,100,,2167,2,4,,1,200,,2168,2,4,,1,200,,2169,2,4,,1,200,,2170,2,4,,1,200,,2171,2,4,,1
1244300,'c_72056_b_87172_d_48',935,,2174,2,4,,1
1244300,'c_72056_b_87172_d_88',1735,,2175,2,4,,1
1244300,'c_72057_b_87173_d_127',835,,2183,2,4,,1,200,,2176,2,4,,1,200,,2177,2,4,,1,100,,2184,2,4,,1,100,,2178,2,4,,1,200,,2179,2,4,,1,200,,2180,2,4,,1,200,,2181,2,4,,1,200,,2182,2,4,,1
1244300,'c_72057_b_87173_d_48',935,,2185,2,4,,1
1244300,'c_72057_b_87173_d_88',1735,,2186,2,4,,1
1244300,'c_72058_b_87174_d_127',835,,2194,2,4,,1,200,,2187,2,4,,1,200,,2188,2,4,,1,100,,2195,2,4,,1,100,,2189,2,4,,1,200,,2190,2,4,,1,200,,2191,2,4,,1,200,,2192,2,4,,1,200,,2193,2,4,,1
1244300,'c_72058_b_87174_d_48',935,,2196,2,4,,1
1244300,'c_72058_b_87174_d_88',1735,,2197,2,4,,1
1244300,'c_72060_b_87176_d_127',835,,2205,2,4,,1,200,,2198,2,4,,1,200,,2199,2,4,,1,100,,2206,2,4,,1,100,,2200,2,4,,1,200,,2201,2,4,,1,200,,2202,2,4,,1,200,,2203,2,4,,1,200,,2204,2,4,,1
1244300,'c_72060_b_87176_d_48',935,,2207,2,4,,1
1244300,'c_72060_b_87176_d_88',1735,,2208,2,4,,1
1244301,'c_21151_b_31125_d_127',600,,1230,1,,,1,200,,1226,1,,,1,200,,1227,1,,,1,200,,1224,1,,,1,400,,1225,1,,,1,200,,1232,1,,,1,200,,1228,1,,,1,200,,1229,1,,,1
1244301,'c_71707_b_86112_d_127',700,,1252,1,,,1,200,,1250,1,,,1,200,,1253,1,,,1,200,,1254,1,,,1,100,,1258,1,,,1,100,,1255,1,,,1,200,,1256,1,,,1,200,,1257,1,,,1,200,,1251,1,,,1
1244301,'c_71707_b_86112_d_57',1000,,1259,1,,,1
1244301,'c_71707_b_86112_d_80',1200,,1260,1,,,1,400,,1261,1,,,1
1244301,'c_71707_b_86112_d_95',1800,,1262,1,,,1
1244301,'c_72047_b_87163_d_127',700,,2211,1,,,1,100,,2220,1,,,1,100,,2209,1,,,1,100,,2218,1,,,1,100,,2212,1,,,1,100,,2219,1,,,1,100,,2213,1,,,1,100,,2217,1,,,1,100,,2214,1,,,1,100,,2222,1,,,1,100,,2215,1,,,1,200,,2216,1,,,1,100,,2221,1,,,1,100,,2210,1,,,1
1244301,'c_72047_b_87163_d_57',600,,2223,1,,,1
1244301,'c_72047_b_87163_d_64',2200,,2224,1,,,1
1244301,'c_72047_b_87163_d_81',1800,,2225,1,,,1
1244301,'c_72048_b_87164_d_127',700,,2228,1,,,1,200,,2226,1,,,1,100,,2235,1,,,1,100,,2229,1,,,1,200,,2230,1,,,1,100,,2234,1,,,1,100,,2231,1,,,1,200,,2232,1,,,1,200,,2233,1,,,1,200,,2227,1,,,1
1244301,'c_72048_b_87164_d_88',1800,,2236,1,,,1
1244301,'c_72050_b_87166_d_127',700,,2239,1,,,1,200,,2237,1,,,1,100,,2245,1,,,1,100,,2240,1,,,1,200,,2241,1,,,1,100,,2246,1,,,1,100,,2242,1,,,1,200,,2243,1,,,1,200,,2244,1,,,1,200,,2238,1,,,1
1244301,'c_72050_b_87166_d_88',1800,,2247,1,,,1
1244301,'c_72056_b_87172_d_127',700,,2250,1,,,1,200,,2248,1,,,1,100,,2256,1,,,1,100,,2251,1,,,1,200,,2252,1,,,1,100,,2257,1,,,1,100,,2253,1,,,1,200,,2254,1,,,1,200,,2255,1,,,1,200,,2249,1,,,1
1244301,'c_72056_b_87172_d_88',1800,,2258,1,,,1
1244301,'c_72057_b_87173_d_127',700,,2261,1,,,1,200,,2259,1,,,1,100,,2267,1,,,1,100,,2262,1,,,1,200,,2263,1,,,1,100,,2268,1,,,1,100,,2264,1,,,1,200,,2265,1,,,1,200,,2266,1,,,1,200,,2260,1,,,1
1244301,'c_72057_b_87173_d_88',1800,,2269,1,,,1
1244301,'c_72058_b_87174_d_127',700,,2272,1,,,1,200,,2270,1,,,1,100,,2278,1,,,1,100,,2273,1,,,1,200,,2274,1,,,1,100,,2279,1,,,1,100,,2275,1,,,1,200,,2276,1,,,1,200,,2277,1,,,1,200,,2271,1,,,1
1244301,'c_72058_b_87174_d_88',1800,,2280,1,,,1
1244301,'c_72060_b_87176_d_127',700,,2283,1,,,1,200,,2281,1,,,1,100,,2289,1,,,1,100,,2284,1,,,1,200,,2285,1,,,1,100,,2290,1,,,1,100,,2286,1,,,1,200,,2287,1,,,1,200,,2288,1,,,1,200,,2282,1,,,1
1244301,'c_72060_b_87176_d_88',1800,,2291,1,,,1
