1242700,'c_72066_b_87182_d_127',935,,1901,2,4,,1,200,,1902,2,4,,1,200,,1903,2,4,,1,200,,1904,2,4,,1,200,,1905,2,4,,1,200,,1906,2,4,,1,200,,1907,2,4,,1
1242700,'c_72066_b_87182_d_63',735,,1908,2,4,,1
1242700,'c_72067_b_87183_d_112',2105,,1909,2,4,,1,130,,1910,2,4,,1
1242700,'c_72067_b_87183_d_127',910,,1911,2,4,,1,145,,1912,2,4,,1,180,,1913,2,4,,1,185,,1914,2,4,,1,185,,1915,2,4,,1,140,,1916,2,4,,1,185,,1917,2,4,,1
1242700,'c_72067_b_87183_d_15',2135,,1918,2,4,,1
1242700,'c_72067_b_87183_d_63',725,,1919,2,4,,1
1242701,'c_72066_b_87182_d_127',615,,1926,1,,,1,335,,1925,1,,,1,200,,1921,1,,,1,200,,1922,1,,,1,200,,1923,1,,,1,200,,1924,1,,,1,200,,1920,1,,,1
1242701,'c_72066_b_87182_d_63',750,,1927,1,,,1
1242701,'c_72067_b_87183_d_112',2115,,1928,1,,,1
1242701,'c_72067_b_87183_d_127',600,,1935,1,,,1,325,,1934,1,,,1,185,,1930,1,,,1,140,,1931,1,,,1,185,,1932,1,,,1,185,,1933,1,,,1,180,,1929,1,,,1,140,,1936,1,,,1
1242701,'c_72067_b_87183_d_63',740,,1937,1,,,1
