1242600,'c_72068_b_87184_d_118',1440,,1826,2,4,,1
1242600,'c_72068_b_87184_d_123',1030,,1827,2,4,,1
1242600,'c_72068_b_87184_d_127',800,,1837,2,4,,1,115,,1831,2,4,,1,230,,1834,2,4,,1,170,,1830,2,4,,1,240,,1829,2,4,,1,155,,1828,2,4,,1,115,,1832,2,4,,1,190,,1833,2,4,,1,105,,1835,2,4,,1,100,,1836,2,4,,1
1242600,'c_72068_b_87184_d_16',2320,,1838,2,4,,1
1242600,'c_72068_b_87184_d_63',650,,1839,2,4,,1
1242600,'c_72069_b_87185_d_118',1440,,1840,2,4,,1
1242600,'c_72069_b_87185_d_123',1025,,1841,2,4,,1
1242600,'c_72069_b_87185_d_127',540,,1851,2,4,,1,110,,1850,2,4,,1,190,,1852,2,4,,1,75,,1845,2,4,,1,35,,1853,2,4,,1,150,,1854,2,4,,1,35,,1847,2,4,,1,120,,1844,2,4,,1,75,,1855,2,4,,1,75,,1856,2,4,,1,110,,1857,2,4,,1,35,,1843,2,4,,1,75,,1858,2,4,,1,75,,1842,2,4,,1,105,,1846,2,4,,1,295,,1848,2,4,,1,100,,1849,2,4,,1
1242600,'c_72069_b_87185_d_32',740,,1859,2,4,,1
1242600,'c_72069_b_87185_d_63',805,,1860,2,4,,1,1110,,1861,2,4,,1
1242600,'c_72069_b_87185_d_64',1955,,1862,2,4,,1
1242600,'c_72069_b_87185_d_95',1735,,1863,2,4,,1
1242601,'c_72068_b_87184_d_118',1845,,1864,1,,,1
1242601,'c_72068_b_87184_d_123',1615,,1865,1,,,1
1242601,'c_72068_b_87184_d_127',600,,1873,1,,,1,220,,1872,1,,,1,115,,1869,1,,,1,115,,1868,1,,,1,155,,1867,1,,,1,140,,1866,1,,,1,155,,1870,1,,,1,230,,1871,1,,,1,300,,1874,1,,,1,100,,1875,1,,,1
1242601,'c_72068_b_87184_d_16',2230,,1876,1,,,1
1242601,'c_72068_b_87184_d_63',705,,1877,1,,,1
1242601,'c_72069_b_87185_d_118',1820,,1878,1,,,1
1242601,'c_72069_b_87185_d_123',1605,,1879,1,,,1
1242601,'c_72069_b_87185_d_127',555,,1887,1,,,1,265,,1886,1,,,1,35,,1890,1,,,1,75,,1883,1,,,1,75,,1891,1,,,1,35,,1882,1,,,1,75,,1892,1,,,1,120,,1881,1,,,1,75,,1880,1,,,1,35,,1893,1,,,1,75,,1884,1,,,1,35,,1894,1,,,1,75,,1895,1,,,1,110,,1896,1,,,1,75,,1885,1,,,1,295,,1888,1,,,1,100,,1897,1,,,1,100,,1889,1,,,1
1242601,'c_72069_b_87185_d_63',705,,1898,1,,,1,45,,1899,1,,,1
1242601,'c_72069_b_87185_d_95',1745,,1900,1,,,1
