1243000,'c_71644_b_85821_d_125',940,,1938,2,4,,1
1243000,'c_71644_b_85821_d_127',640,,1953,2,4,,1,200,,1939,2,4,,1,70,,1954,2,4,,1,100,,1956,2,4,,1,30,,1955,2,4,,1,70,,1941,2,4,,1,30,,1940,2,4,,1,110,,1942,2,4,,1,65,,1962,2,4,,1,25,,1943,2,4,,1,70,,1957,2,4,,1,30,,1944,2,4,,1,70,,1958,2,4,,1,30,,1945,2,4,,1,70,,1959,2,4,,1,30,,1947,2,4,,1,70,,1960,2,4,,1,25,,1946,2,4,,1,65,,1949,2,4,,1,25,,1961,2,4,,1,30,,1950,2,4,,1,165,,1951,2,4,,1,95,,1952,2,4,,1,90,,1963,2,4,,1,45,,1948,2,4,,1
1243000,'c_71644_b_85821_d_31',810,,1964,2,4,,1
1243000,'c_71644_b_85821_d_48',2340,,1965,2,4,,1
1243000,'c_71644_b_85821_d_63',740,,1966,2,4,,1
1243001,'c_71644_b_85821_d_125',1630,,1967,1,,,1
1243001,'c_71644_b_85821_d_127',605,,1990,1,,,1,195,,1970,1,,,1,30,,1991,1,,,1,70,,1969,1,,,1,30,,1984,1,,,1,70,,1968,1,,,1,30,,1985,1,,,1,70,,1973,1,,,1,30,,1986,1,,,1,110,,1972,1,,,1,65,,1971,1,,,1,25,,1987,1,,,1,70,,1975,1,,,1,30,,1988,1,,,1,70,,1974,1,,,1,30,,1989,1,,,1,70,,1976,1,,,1,100,,1977,1,,,1,25,,1978,1,,,1,25,,1979,1,,,1,65,,1992,1,,,1,95,,1980,1,,,1,130,,1982,1,,,1,90,,1983,1,,,1,90,,1981,1,,,1
1243001,'c_71644_b_85821_d_31',730,,1993,1,,,1
1243001,'c_71644_b_85821_d_48',2305,,1994,1,,,1
1243001,'c_71644_b_85821_d_63',700,,1995,1,,,1
