1244100,'c_21151_b_31125_d_127',30,,2081,1,,,1,70,,2076,1,,,1,730,,2075,1,,,1,170,,2074,1,,,1,600,,2077,1,,,1,600,,2073,1,,,1,230,,2078,1,,,1
1244100,'c_72073_b_87188_d_127',1000,,2083,1,,,1
1244101,'c_21151_b_31125_d_127',1300,,2087,2,4,,1,400,,2084,2,4,,1,400,,2086,2,4,,1,800,,2085,2,4,,1,100,,2090,2,4,,1
1244101,'c_72073_b_87188_d_65',3000,,2091,2,4,,1
1244200,'c_21151_b_31125_d_127',1450,,2093,2,4,,1,500,,2092,2,4,,1
1244200,'c_72075_b_87191_d_119',920,,2094,2,4,,1,330,,2095,2,4,,1
1244200,'c_72075_b_87191_d_127',720,,2105,2,4,,1,100,,2096,2,4,,1,230,,2097,2,4,,1,100,,2098,2,4,,1,200,,2099,2,4,,1,200,,2100,2,4,,1,100,,2101,2,4,,1,100,,2102,2,4,,1,170,,2104,2,4,,1,300,,2103,2,4,,1
1244200,'c_72075_b_87191_d_4',910,,2106,2,4,,1
1244200,'c_72075_b_87191_d_8',950,,2107,2,4,,1,1170,,2108,2,4,,1
1244201,'c_21151_b_31125_d_127',1500,,2110,1,,,1,500,,2109,1,,,1
1244201,'c_72075_b_87191_d_115',930,,2111,1,,,1
1244201,'c_72075_b_87191_d_119',1300,,2112,1,,,1
1244201,'c_72075_b_87191_d_12',1000,,2113,1,,,1
1244201,'c_72075_b_87191_d_127',730,,2123,1,,,1,100,,2115,1,,,1,270,,2116,1,,,1,100,,2117,1,,,1,200,,2118,1,,,1,200,,2119,1,,,1,100,,2120,1,,,1,130,,2114,1,,,1,100,,2121,1,,,1,300,,2122,1,,,1
1244201,'c_72075_b_87191_d_8',2130,,2124,1,,,1
