1239500,'c_21151_b_31125_d_127',535,,1391,1,,,1
1239500,'c_71688_b_86022_d_127',535,,1398,1,,,1,190,,1397,1,,,1,200,,1392,1,,,1,220,,1399,1,,,1,285,,1393,1,,,1,225,,1394,1,,,1,250,,1396,1,,,1,195,,1395,1,,,1
1239500,'c_71862_b_86704_d_127',725,,1405,1,,,1,200,,1400,1,,,1,220,,1406,1,,,1,270,,1401,1,,,1,220,,1402,1,,,1,210,,1404,1,,,1,195,,1403,1,,,1
1239500,'c_71862_b_86704_d_63',535,,1407,1,,,1
1239500,'c_71863_b_86705_d_127',725,,1413,1,,,1,200,,1408,1,,,1,220,,1414,1,,,1,285,,1409,1,,,1,225,,1410,1,,,1,250,,1412,1,,,1,195,,1411,1,,,1
1239500,'c_71863_b_86705_d_47',535,,1415,1,,,1
1239500,'c_71975_b_87005_d_127',725,,145,1,,,1,200,,140,1,,,1,220,,146,1,,,1,270,,141,1,,,1,220,,142,1,,,1,210,,144,1,,,1,195,,143,1,,,1
1239500,'c_71975_b_87005_d_63',535,,147,1,,,1
1239500,'c_71976_b_87006_d_127',725,,153,1,,,1,200,,148,1,,,1,220,,154,1,,,1,285,,149,1,,,1,225,,150,1,,,1,250,,152,1,,,1,195,,151,1,,,1
1239500,'c_71976_b_87006_d_63',535,,155,1,,,1
1239500,'c_71978_b_87008_d_127',725,,161,1,,,1,200,,156,1,,,1,220,,162,1,,,1,270,,157,1,,,1,220,,158,1,,,1,210,,160,1,,,1,195,,159,1,,,1
1239500,'c_71978_b_87008_d_63',535,,163,1,,,1
1239501,'c_21151_b_31125_d_127',720,,1416,2,4,,1
1239501,'c_71688_b_86022_d_127',720,,1417,2,4,,1,190,,1419,2,4,,1,215,,1421,2,4,,1,220,,1420,2,4,,1,285,,1418,2,4,,1,220,,1423,2,4,,1,205,,1422,2,4,,1,195,,1424,2,4,,1
1239501,'c_71862_b_86704_d_127',910,,1426,2,4,,1,215,,1428,2,4,,1,220,,1427,2,4,,1,270,,1425,2,4,,1,215,,1430,2,4,,1,205,,1429,2,4,,1,195,,1431,2,4,,1
1239501,'c_71862_b_86704_d_63',720,,1432,2,4,,1
1239501,'c_71863_b_86705_d_127',910,,1434,2,4,,1,215,,1436,2,4,,1,220,,1435,2,4,,1,285,,1433,2,4,,1,220,,1438,2,4,,1,205,,1437,2,4,,1,195,,1439,2,4,,1
1239501,'c_71863_b_86705_d_47',720,,1440,2,4,,1
1239501,'c_71975_b_87005_d_127',910,,165,2,4,,1,215,,167,2,4,,1,220,,166,2,4,,1,270,,164,2,4,,1,215,,169,2,4,,1,205,,168,2,4,,1,195,,170,2,4,,1
1239501,'c_71975_b_87005_d_63',720,,171,2,4,,1
1239501,'c_71976_b_87006_d_127',910,,173,2,4,,1,215,,175,2,4,,1,220,,174,2,4,,1,285,,172,2,4,,1,220,,177,2,4,,1,205,,176,2,4,,1,195,,178,2,4,,1
1239501,'c_71976_b_87006_d_63',720,,179,2,4,,1
1239501,'c_71978_b_87008_d_127',910,,181,2,4,,1,215,,183,2,4,,1,220,,182,2,4,,1,270,,180,2,4,,1,215,,185,2,4,,1,205,,184,2,4,,1,195,,186,2,4,,1
1239501,'c_71978_b_87008_d_63',720,,187,2,4,,1
