1243400,'c_21151_b_31125_d_127',10,,1103,1,0,23,1,190,,1076,1,0,24,1,100,,1108,1,0,24,1,30,,1091,1,0,23,1,70,,2061,1,0,24,1,30,,1112,1,0,23,1,100,,1100,1,0,23,1,25,,1115,1,0,23,1,145,,2062,1,0,24,1,100,,1083,1,0,24,1,130,,1097,1,0,23,1,10,,1105,1,0,23,1,490,,2060,1,0,25 26,1,70,,1085,2,4,,1,5,,1067,1,0,23,1,30,,1073,1,0,23,1,65,,1086,1,0,24,1,135,,1071,1,0,23,1,195,,1079,2,4,,1,100,,1080,1,0,24,1,100,,1106,1,0,23,1,70,,1094,1,0,23,1,40,,1104,1,0,23,1,60,,1110,2,4,,1,40,,1111,1,0,25 26,1,160,,1075,2,4,,1,100,,1107,2,4,,1,100,,1088,2,4,,1,400,,1082,2,4,,1
1243400,'c_71702_b_86053_d_79',1325,,1119,2,4,,1,80,,1120,1,0,25 26,1
1243400,'c_71867_b_86711_d_32',10,,1122,1,0,23,1,2490,,1121,2,4,,1
1243400,'c_71867_b_86711_d_64',200,,1123,1,0,24,1,130,,1125,1,0,23,1
1243400,'c_72072_b_87187_d_32',2400,,2064,2,4,,1
1243400,'c_72072_b_87187_d_64',200,,2065,1,0,24,1
1243401,'c_21151_b_31125_d_127',30,,1142,1,,,1,170,,1138,1,,,1,45,,1152,2,4,,1,100,,1173,2,4,,1,100,,1154,2,4,,1,70,,1176,2,4,,1,100,,1169,2,4,,1,15,,1172,1,,,1,80,,2067,1,,,1,5,,1170,1,,,1,130,,1155,2,4,,1,55,,1164,2,4,,1,130,,1144,2,4,,1,100,,1145,1,,,1,270,,1128,2,4,,1,30,,1147,2,4,,1,5,,1131,2,4,,1,15,,1135,2,4,,1,80,,1148,1,,,1,125,,1134,2,4,,1,255,,2068,1,,,1,135,,1167,2,4,,1,70,,1153,2,4,,1,85,,1161,2,4,,1,20,,1150,2,4,,1,90,,1151,1,,,1,20,,1141,2,4,,1,170,,1137,2,4,,1,450,,1171,2,4,,1
1243401,'c_71702_b_86053_d_121',1825,,1177,2,4,,1,85,,1178,1,,,1
1243401,'c_71867_b_86711_d_16',2330,,1185,2,4,,1,170,,1182,2,4,,1
1243401,'c_71867_b_86711_d_32',200,,1186,1,,,1
1243401,'c_71867_b_86711_d_64',245,,1187,2,4,,1
1243401,'c_72072_b_87187_d_1',200,,2071,1,,,1
