1239400,'c_21151_b_31125_d_1',700,,1337,2,4,,1
1239400,'c_71688_b_86022_d_127',700,,1339,2,4,,1,220,,1338,2,4,,1,220,,1344,2,4,,1,215,,1342,2,4,,1,260,,1341,2,4,,1,220,,1345,2,4,,1,220,,1340,2,4,,1,255,,1343,2,4,,1
1239400,'c_71688_b_86022_d_95',1735,,1347,2,4,,1,220,,1346,2,4,,1
1239400,'c_71862_b_86704_d_127',700,,1349,2,4,,1,220,,1348,2,4,,1,220,,1354,2,4,,1,215,,1352,2,4,,1,260,,1351,2,4,,1,220,,1355,2,4,,1,165,,1350,2,4,,1,215,,1353,2,4,,1
1239400,'c_71863_b_86705_d_111',700,,1356,2,4,,1
1239400,'c_71863_b_86705_d_127',920,,1357,2,4,,1,220,,1360,2,4,,1,215,,1359,2,4,,1,260,,1358,2,4,,1,220,,1361,2,4,,1,220,,1362,2,4,,1,255,,1363,2,4,,1
1239400,'c_71975_b_87005_d_127',700,,68,2,4,,1,220,,67,2,4,,1,220,,73,2,4,,1,215,,71,2,4,,1,260,,70,2,4,,1,220,,74,2,4,,1,165,,69,2,4,,1,215,,72,2,4,,1
1239400,'c_71976_b_87006_d_127',700,,76,2,4,,1,120,,83,2,4,,1,100,,75,2,4,,1,120,,84,2,4,,1,100,,79,2,4,,1,115,,85,2,4,,1,100,,78,2,4,,1,160,,86,2,4,,1,100,,77,2,4,,1,115,,87,2,4,,1,105,,80,2,4,,1,115,,81,2,4,,1,105,,88,2,4,,1,255,,82,2,4,,1
1239400,'c_71978_b_87008_d_127',700,,90,2,4,,1,220,,89,2,4,,1,220,,95,2,4,,1,215,,93,2,4,,1,260,,92,2,4,,1,220,,96,2,4,,1,165,,91,2,4,,1,215,,94,2,4,,1
1239401,'c_21151_b_31125_d_127',730,,1364,1,,,1
1239401,'c_71688_b_86022_d_127',730,,1368,1,,,1,220,,1365,1,,,1,260,,1366,1,,,1,215,,1367,1,,,1,220,,1369,1,,,1,260,,1372,1,,,1,220,,1371,1,,,1,205,,1370,1,,,1
1239401,'c_71688_b_86022_d_95',1545,,1374,1,,,1,260,,1373,1,,,1
1239401,'c_71862_b_86704_d_127',730,,1378,1,,,1,220,,1375,1,,,1,260,,1376,1,,,1,215,,1377,1,,,1,220,,1379,1,,,1,165,,1382,1,,,1,215,,1381,1,,,1,305,,1380,1,,,1
1239401,'c_71863_b_86705_d_111',730,,1383,1,,,1
1239401,'c_71863_b_86705_d_127',950,,1384,1,,,1,260,,1385,1,,,1,215,,1386,1,,,1,220,,1387,1,,,1,260,,1390,1,,,1,220,,1389,1,,,1,205,,1388,1,,,1
1239401,'c_71975_b_87005_d_127',730,,113,1,,,1,220,,110,1,,,1,260,,111,1,,,1,215,,112,1,,,1,220,,114,1,,,1,165,,117,1,,,1,215,,116,1,,,1,305,,115,1,,,1
1239401,'c_71976_b_87006_d_127',630,,126,1,,,1,100,,121,1,,,1,120,,127,1,,,1,100,,118,1,,,1,160,,128,1,,,1,100,,119,1,,,1,120,,129,1,,,1,95,,120,1,,,1,115,,130,1,,,1,105,,122,1,,,1,160,,125,1,,,1,100,,131,1,,,1,220,,124,1,,,1,205,,123,1,,,1
1239401,'c_71978_b_87008_d_127',730,,135,1,,,1,220,,132,1,,,1,260,,133,1,,,1,215,,134,1,,,1,220,,136,1,,,1,165,,139,1,,,1,215,,138,1,,,1,305,,137,1,,,1
1240000,'c_71865_b_86709_d_123',1415,,196,2,4,,1
1240000,'c_71865_b_86709_d_127',635,,208,2,4,,1,115,,209,2,4,,1,155,,203,2,4,,1,115,,207,2,4,,1,115,,197,2,4,,1,120,,198,2,4,,1,280,,199,2,4,,1,165,,204,2,4,,1,120,,205,2,4,,1,115,,206,2,4,,1,215,,200,2,4,,1,100,,201,2,4,,1,100,,202,2,4,,1
1240000,'c_71865_b_86709_d_63',535,,210,2,4,,1
1240000,'c_71865_b_86709_d_95',2045,,211,2,4,,1
1240001,'c_71865_b_86709_d_123',920,,212,1,,,1
1240001,'c_71865_b_86709_d_127',545,,224,1,,,1,105,,225,1,,,1,155,,221,1,,,1,230,,213,1,,,1,120,,214,1,,,1,155,,215,1,,,1,125,,216,1,,,1,120,,217,1,,,1,165,,218,1,,,1,115,,222,1,,,1,115,,223,1,,,1,250,,219,1,,,1,100,,220,1,,,1
1240001,'c_71865_b_86709_d_95',2055,,226,1,,,1
1244400,'c_21151_b_31125_d_127',2420,,1263,2,4,,1
1244400,'c_71688_b_86022_d_127',755,,2297,2,4,,1,265,,2296,2,4,,1,215,,2292,2,4,,1,265,,2295,2,4,,1,240,,2293,2,4,,1,470,,2294,2,4,,1
1244400,'c_71688_b_86022_d_32',2000,,2298,2,4,,1
1244400,'c_71688_b_86022_d_95',2420,,2299,2,4,,1
1244400,'c_71862_b_86704_d_127',755,,1270,2,4,,1,265,,1269,2,4,,1,215,,1264,2,4,,1,265,,1267,2,4,,1,240,,1265,2,4,,1,260,,1268,2,4,,1,305,,1266,2,4,,1
1244400,'c_71863_b_86705_d_127',755,,1277,2,4,,1,265,,1276,2,4,,1,215,,1271,2,4,,1,265,,1274,2,4,,1,240,,1272,2,4,,1,260,,1275,2,4,,1,210,,1273,2,4,,1,210,,1278,2,4,,1
1244400,'c_71975_b_87005_d_127',755,,1285,2,4,,1,265,,1284,2,4,,1,215,,1279,2,4,,1,265,,1282,2,4,,1,240,,1280,2,4,,1,260,,1283,2,4,,1,305,,1281,2,4,,1
1244400,'c_71976_b_87006_d_127',755,,1292,2,4,,1,265,,1291,2,4,,1,215,,1286,2,4,,1,265,,1289,2,4,,1,240,,1287,2,4,,1,470,,1290,2,4,,1,210,,1288,2,4,,1
1244400,'c_71977_b_87007_d_127',755,,1299,2,4,,1,265,,1298,2,4,,1,215,,1293,2,4,,1,265,,1296,2,4,,1,240,,1294,2,4,,1,260,,1297,2,4,,1,305,,1295,2,4,,1
1244400,'c_72061_b_87177_d_127',755,,2306,2,4,,1,265,,2305,2,4,,1,215,,2300,2,4,,1,265,,2303,2,4,,1,240,,2301,2,4,,1,260,,2304,2,4,,1,305,,2302,2,4,,1
1244400,'c_72061_b_87177_d_80',2420,,2307,2,4,,1
1244401,'c_21151_b_31125_d_127',2030,,1300,1,,,1
1244401,'c_71688_b_86022_d_127',615,,2313,1,,,1,220,,2309,1,,,1,270,,2310,1,,,1,220,,2311,1,,,1,495,,2308,1,,,1,420,,2312,1,,,1
1244401,'c_71688_b_86022_d_32',1600,,2314,1,,,1
1244401,'c_71688_b_86022_d_95',2030,,2315,1,,,1
1244401,'c_71862_b_86704_d_127',615,,1307,1,,,1,220,,1302,1,,,1,270,,1303,1,,,1,220,,1304,1,,,1,275,,1305,1,,,1,305,,1301,1,,,1,335,,1306,1,,,1
1244401,'c_71863_b_86705_d_127',615,,1314,1,,,1,220,,1309,1,,,1,270,,1310,1,,,1,220,,1311,1,,,1,275,,1312,1,,,1,220,,1308,1,,,1,210,,1315,1,,,1,210,,1313,1,,,1
1244401,'c_71975_b_87005_d_127',615,,1322,1,,,1,220,,1317,1,,,1,270,,1318,1,,,1,220,,1319,1,,,1,275,,1320,1,,,1,305,,1316,1,,,1,335,,1321,1,,,1
1244401,'c_71976_b_87006_d_127',835,,1323,1,,,1,270,,1324,1,,,1,220,,1325,1,,,1,275,,1326,1,,,1,220,,1329,1,,,1,210,,1328,1,,,1,210,,1327,1,,,1
1244401,'c_71977_b_87007_d_127',615,,1335,1,,,1,220,,1330,1,,,1,270,,1331,1,,,1,220,,1332,1,,,1,275,,1333,1,,,1,305,,1336,1,,,1,335,,1334,1,,,1
1244401,'c_72061_b_87177_d_127',615,,2320,1,,,1,220,,2316,1,,,1,270,,2317,1,,,1,220,,2318,1,,,1,275,,2319,1,,,1,305,,2321,1,,,1,335,,2322,1,,,1
1244401,'c_72061_b_87177_d_80',2030,,2323,1,,,1
