1239300,2505782,1,0,0
1239300,2505790,2,1,1
1239301,2505790,1,0,0
1239301,2505782,2,1,1
1239301,2505781,3,1,1
1239400,2505792,1,0,0
1239400,2505786,2,1,1
1239401,2505786,1,0,0
1239401,2505792,2,1,1
1239500,2505937,1,0,0
1239500,2505794,2,1,1
1239501,2505794,1,0,0
1239501,2505937,2,1,1
1239600,2505801,1,0,0
1239600,2505813,2,1,1
1239601,2505813,1,0,0
1239601,2505801,2,1,1
1239700,2505834,1,0,0
1239700,2505813,2,1,1
1239701,2505813,1,0,0
1239701,2505834,2,1,1
1240000,2505797,1,0,0
1240000,2505786,2,1,1
1240001,2505786,1,0,0
1240001,2505797,2,1,1
1240100,2505792,1,0,0
1240100,2505799,2,0,0
1240100,2505798,3,0,0
1240100,2506596,4,0,0
1240200,2505861,1,0,0
1240200,2505868,2,1,1
1240201,2505868,1,0,0
1240201,2505861,2,1,1
1240500,2505865,1,0,0
1240500,2505915,2,0,0
1240500,2505870,3,1,1
1240501,2505870,1,0,0
1240501,2505915,2,0,0
1240501,2505865,3,1,1
1242200,2505788,1,0,0
1242200,2505854,2,0,0
1242200,2505856,3,0,1
1242200,2505919,4,0,0
1242200,2505858,5,0,0
1242200,2506403,6,1,1
1242200,2505848,7,0,0
1242200,2505790,8,1,1
1242201,2506403,1,0,0
1242201,2505858,2,0,0
1242201,2505919,3,0,0
1242201,2505854,4,0,0
1242201,2505788,5,1,1
1242201,2505790,6,0,0
1242201,2505848,7,0,0
1242201,2505856,8,0,0
1242500,2505850,1,0,0
1242500,2505852,2,1,1
1242501,2505852,1,0,0
1242501,2505850,2,1,1
1242600,2505867,1,0,0
1242600,2505917,2,1,1
1242601,2505917,1,0,0
1242601,2505867,2,1,1
1242700,2506537,1,0,0
1242700,2505846,2,1,1
1242701,2505846,1,0,0
1242701,2506537,2,1,1
1242800,2505803,1,0,0
1242800,2505836,2,1,1
1242801,2505836,1,0,0
1242801,2505803,2,1,1
1242900,2505839,1,0,0
1242900,2505841,2,1,1
1242901,2505841,1,0,0
1242901,2505839,2,1,1
1243000,2505805,1,0,0
1243000,2505807,2,1,1
1243001,2505807,1,0,0
1243001,2505805,2,1,1
1243100,2505809,1,0,0
1243100,2505844,2,1,1
1243100,4258975,3,1,1
1243101,4258975,1,0,0
1243101,2505844,2,0,0
1243101,2505809,3,1,1
1243200,2505811,1,0,0
1243200,2505833,2,1,1
1243200,2505815,3,0,0
1243201,2505833,1,0,0
1243201,2505815,2,0,0
1243201,2505811,4,1,1
1243400,2505929,1,0,0
1243400,2505925,2,0,0
1243400,2505923,3,0,0
1243400,2505933,4,0,0
1243400,2505927,5,0,0
1243400,2505922,6,1,1
1243400,2505931,7,1,1
1243401,2505931,1,0,0
1243401,2505922,2,0,0
1243401,2505927,3,0,0
1243401,2505933,4,0,0
1243401,2505923,5,0,0
1243401,2505925,6,0,0
1243401,2505929,7,1,1
1244100,2505935,1,0,0
1244100,2505931,2,1,1
1244101,2505931,1,0,0
1244101,2505935,2,1,1
1244200,2505920,1,0,0
1244200,2505935,2,1,1
1244201,2505935,1,0,0
1244201,2505920,2,1,1
1244300,2506537,1,0,0
1244300,2505790,2,1,1
1244301,2505790,1,0,0
1244301,2506537,2,1,1
1244400,2505781,1,0,0
1244400,2505786,2,1,1
1244401,2505786,1,0,0
1244401,2505781,2,1,1
