1242800,'c_71688_b_86022_d_111',2140,,883,2,4,,1
1242800,'c_71688_b_86022_d_127',710,,896,2,4,,1,40,,895,2,4,,1,160,,891,2,4,,1,100,,885,2,4,,1,100,,886,2,4,,1,110,,897,2,4,,1,95,,890,2,4,,1,95,,887,2,4,,1,100,,888,2,4,,1,100,,892,2,4,,1,100,,889,2,4,,1,100,,884,2,4,,1,100,,893,2,4,,1,130,,894,2,4,,1
1242800,'c_71688_b_86022_d_16',2210,,898,2,4,,1,100,,899,2,4,,1
1242800,'c_71688_b_86022_d_55',830,,900,2,4,,1
1242800,'c_71689_b_86023_d_127',710,,914,2,4,,1,40,,913,2,4,,1,160,,908,2,4,,1,100,,902,2,4,,1,100,,903,2,4,,1,110,,915,2,4,,1,95,,907,2,4,,1,95,,904,2,4,,1,100,,905,2,4,,1,100,,909,2,4,,1,100,,906,2,4,,1,100,,901,2,4,,1,100,,911,2,4,,1,130,,912,2,4,,1,100,,910,2,4,,1
1242800,'c_71689_b_86023_d_55',830,,916,2,4,,1
1242801,'c_71688_b_86022_d_111',2110,,943,1,,,1
1242801,'c_71688_b_86022_d_119',1540,,944,1,,,1
1242801,'c_71688_b_86022_d_127',640,,955,1,,,1,80,,956,1,,,1,80,,948,1,,,1,140,,946,1,,,1,100,,947,1,,,1,110,,957,1,,,1,95,,945,1,,,1,95,,949,1,,,1,100,,950,1,,,1,200,,951,1,,,1,100,,952,1,,,1,100,,953,1,,,1,160,,954,1,,,1
1242801,'c_71688_b_86022_d_16',2140,,958,1,,,1,100,,959,1,,,1
1242801,'c_71688_b_86022_d_63',840,,960,1,,,1
1242801,'c_71689_b_86023_d_119',1540,,961,1,,,1
1242801,'c_71689_b_86023_d_127',640,,972,1,,,1,80,,973,1,,,1,80,,965,1,,,1,140,,963,1,,,1,100,,964,1,,,1,110,,974,1,,,1,95,,962,1,,,1,95,,966,1,,,1,100,,967,1,,,1,200,,968,1,,,1,100,,969,1,,,1,100,,970,1,,,1,160,,971,1,,,1,110,,975,1,,,1
1242801,'c_71689_b_86023_d_63',840,,976,1,,,1
